c++/data/tasmania/dem_01.asc
ncols        550
nrows        505
xllcorner    505010.324995560979
yllcorner    5258283.953305236064
cellsize     33.365178000000
NODATA_value  9999
[rows 364 to 415 of 505, columns 192 to 287 of 550]
221 226 231 234 239 246 250 248 242 239 245 255 261 265 268 270 270 269 269 272 274 275 273 268 261 252 249 255 266 281 295 304 305 301 294 288 289 299 314 327 337 342 345 348 350 350 345 339 338 344 354 363 369 372 375 379 387 395 400 406 410 413 416 419 420 418 413 403 389 373 358 350 348 344 334 319 302 290 289 292 292 291 294 305 323 342 365 389 409 422 431 440 451 463 473 481
222 225 229 233 237 242 246 243 237 236 242 250 257 261 264 265 263 260 262 267 270 271 271 268 262 252 248 257 271 283 291 297 295 287 279 278 287 303 319 330 336 339 342 344 343 338 330 327 334 341 350 360 366 369 373 377 384 390 395 400 405 408 410 413 414 412 408 400 383 359 336 325 325 326 321 312 299 287 283 284 284 286 294 310 329 350 375 398 415 429 441 452 466 479 491 501
226 229 232 235 239 242 243 240 234 233 240 247 253 257 258 258 256 255 257 261 265 268 269 266 259 249 248 261 272 279 285 287 283 273 269 276 289 305 319 329 334 337 340 339 334 324 317 325 337 343 350 358 363 367 370 374 378 384 390 395 400 402 405 407 408 405 401 392 372 344 319 308 306 307 308 303 292 282 279 279 280 284 296 313 331 353 378 400 416 430 443 456 471 487 502 515
228 232 235 238 240 242 243 238 230 227 233 240 246 251 251 251 251 251 252 255 258 260 262 261 253 245 247 260 269 273 274 272 267 263 266 277 292 305 315 323 329 334 336 333 321 309 311 326 337 343 349 356 362 365 368 371 375 379 385 390 392 394 394 396 399 396 392 383 361 332 309 295 290 293 294 290 283 276 273 275 279 287 301 318 335 356 380 400 416 430 442 456 472 488 503 518
230 234 238 240 242 243 242 234 223 218 224 232 238 242 244 246 245 246 248 251 254 257 258 255 245 237 245 258 265 267 264 258 255 256 264 277 289 299 308 317 326 332 330 322 309 299 308 325 336 342 347 353 360 363 366 369 372 376 380 383 385 385 385 387 389 387 381 369 346 321 300 283 275 276 279 279 275 268 267 271 279 292 308 323 341 362 384 403 419 431 442 454 467 481 498 515
230 234 238 240 242 243 242 234 219 210 213 225 232 237 239 240 239 241 244 247 251 254 253 245 233 229 242 257 260 257 251 247 248 254 262 271 283 293 302 314 325 329 322 308 295 295 309 326 337 342 347 352 358 362 365 367 370 373 376 378 378 378 377 377 378 374 366 351 330 310 291 275 264 262 265 265 261 258 261 268 281 298 314 330 348 370 390 408 424 434 440 447 458 471 487 504
227 233 236 238 240 241 241 234 219 208 208 216 225 231 236 237 236 237 241 245 248 250 245 233 223 226 238 250 253 248 241 237 242 253 263 271 282 293 306 319 325 322 309 295 290 300 315 329 337 343 348 352 357 361 363 366 368 370 371 372 370 367 363 363 362 356 347 333 315 299 283 270 261 254 251 250 250 254 261 271 285 301 316 332 350 372 393 407 419 427 432 438 448 460 474 490
221 227 230 233 237 238 239 233 220 208 204 208 217 225 231 233 231 233 239 243 245 243 234 221 217 225 235 239 237 234 231 234 245 257 267 274 284 295 308 319 319 308 291 281 288 303 318 329 337 342 346 349 353 358 361 363 364 365 366 364 358 348 342 343 343 338 329 316 301 287 273 263 255 247 243 245 251 258 265 273 286 300 313 328 343 362 382 397 407 414 419 427 439 450 462 476
215 220 225 229 233 235 235 231 222 212 203 202 210 218 226 228 225 228 236 241 241 236 222 210 211 222 228 226 225 227 232 241 250 262 271 279 289 298 307 312 306 291 275 274 287 304 318 327 333 336 339 343 347 351 355 357 357 357 356 350 338 325 318 321 325 323 315 303 289 274 260 250 244 240 239 245 254 263 268 272 280 292 305 316 329 345 363 380 393 402 406 414 426 439 451 465
209 214 220 225 229 232 233 230 224 215 202 196 203 213 219 218 215 221 232 237 235 228 214 202 204 212 217 222 228 235 243 251 258 266 274 281 290 298 301 298 287 272 264 270 287 303 314 321 324 327 332 337 342 344 346 348 347 346 343 334 319 304 297 301 309 311 305 295 280 263 249 241 236 235 239 245 252 259 266 273 279 287 296 305 317 330 346 363 377 387 394 401 412 425 439 453
205 209 214 221 226 229 231 230 226 216 201 189 192 203 209 205 204 213 225 230 226 216 203 196 200 209 219 230 240 249 257 262 267 273 278 284 290 292 287 280 270 261 262 274 289 300 308 312 315 319 324 330 335 337 341 344 342 338 331 320 305 290 282 284 293 299 296 286 272 256 242 233 230 232 238 245 252 259 265 273 281 287 292 299 307 317 329 344 359 371 382 391 399 411 425 440
204 208 213 219 224 227 229 230 228 217 200 184 181 190 195 194 197 208 218 218 211 200 191 193 203 216 230 241 250 261 269 272 274 277 282 286 288 283 273 264 254 252 264 280 291 296 300 304 309 313 316 322 328 331 336 339 336 328 319 308 295 280 270 270 278 285 286 279 267 251 234 227 228 233 239 245 251 259 265 272 280 287 293 301 308 314 322 333 345 358 371 385 396 405 418 429
205 209 214 219 224 226 228 229 227 218 201 183 173 177 183 187 194 204 208 203 192 186 189 201 215 226 238 248 256 267 275 279 280 281 284 286 284 275 262 251 247 254 268 282 288 291 294 298 302 306 310 315 320 325 331 331 324 316 309 300 286 270 259 259 266 272 274 269 258 243 227 222 228 233 239 245 252 260 267 275 282 287 295 303 311 320 329 338 347 357 371 387 400 409 419 427
207 211 215 220 223 226 226 226 225 218 205 185 167 164 172 181 190 195 191 180 175 184 200 215 224 231 240 250 258 267 276 281 282 282 284 283 276 263 250 241 244 257 270 277 281 284 287 292 297 300 304 311 316 319 320 318 312 304 299 291 278 262 251 249 254 260 263 262 251 237 223 218 223 231 238 245 254 265 274 283 290 294 301 307 315 326 337 348 358 367 380 394 407 418 428 435
209 212 216 219 222 224 223 222 222 219 207 186 164 156 162 171 178 178 170 167 179 198 216 228 233 236 241 250 258 266 275 280 282 282 281 276 265 251 239 236 244 257 266 271 275 277 282 288 293 297 302 308 312 313 311 308 302 293 287 283 274 260 246 238 242 250 255 255 245 231 220 217 220 227 235 243 255 268 282 292 298 305 310 315 323 334 343 355 368 378 387 399 414 425 434 443
212 213 216 219 222 221 219 219 219 216 203 183 160 146 150 158 162 163 168 179 198 216 230 239 241 242 246 251 257 264 273 279 281 281 277 268 256 242 233 234 245 255 259 263 269 275 283 289 293 295 299 303 306 307 306 302 293 281 273 272 270 260 244 231 232 241 246 243 234 220 213 214 218 226 238 249 260 274 286 296 306 313 321 328 337 347 355 367 380 391 399 409 419 429 439 449
216 217 218 220 220 219 216 214 214 208 194 175 153 140 141 148 156 166 180 199 218 233 240 244 246 248 250 253 258 264 270 276 279 278 272 262 252 239 228 230 241 248 250 254 264 274 283 290 293 294 296 298 300 301 300 294 281 267 259 258 259 254 241 228 224 229 233 230 220 209 207 212 216 225 239 252 265 278 288 297 308 320 330 341 353 363 373 383 394 403 412 418 424 434 444 453
219 220 220 219 220 218 212 208 205 196 179 159 142 135 141 152 167 182 200 220 234 242 245 247 249 251 252 254 258 263 268 273 276 275 270 260 247 234 221 221 231 236 238 247 262 274 283 288 290 292 293 294 295 294 291 283 270 256 247 246 248 245 237 225 217 218 219 216 209 203 204 210 216 225 238 251 264 275 285 296 310 325 339 356 371 381 390 399 408 416 425 431 435 440 447 453
221 220 218 218 217 214 207 200 194 181 161 141 131 134 148 165 183 200 217 232 240 243 245 247 248 249 251 254 258 262 267 270 271 272 268 260 249 236 222 216 219 225 232 244 257 269 279 285 288 289 290 291 290 288 284 276 264 250 238 236 239 239 231 220 210 209 208 202 198 198 202 209 218 226 236 246 257 269 282 297 315 332 351 370 387 397 406 415 422 430 438 444 447 448 450 452
220 218 216 214 212 209 201 191 180 162 141 125 123 136 158 178 198 216 229 237 240 242 244 245 247 249 251 255 259 262 265 267 268 269 266 259 251 238 221 213 216 224 232 241 252 264 274 280 283 284 285 285 283 278 273 267 258 245 232 228 232 234 228 216 205 201 198 194 193 196 201 209 217 226 234 243 254 268 283 300 318 337 359 381 397 409 419 430 439 444 451 457 458 459 460 459
218 213 209 208 208 204 196 181 163 143 124 117 124 141 165 189 211 226 233 237 239 241 243 245 247 249 252 256 260 262 263 265 266 267 264 258 248 232 217 210 217 230 238 243 250 260 269 275 277 277 277 277 273 265 259 257 252 239 224 218 224 228 223 214 203 195 192 190 192 198 206 215 224 230 235 243 254 268 282 299 319 340 364 386 403 416 428 440 448 454 460 466 469 470 470 471
213 208 203 202 203 200 189 170 148 128 115 116 128 147 169 194 215 227 232 235 238 240 244 246 249 251 253 255 258 259 261 263 264 265 262 256 245 227 211 210 223 237 245 250 254 258 264 269 267 265 265 265 261 252 247 249 244 229 214 208 214 218 214 205 196 190 188 188 195 204 214 224 233 239 242 247 255 266 280 296 315 335 358 383 401 415 428 441 450 457 463 468 474 477 479 483
206 200 197 197 201 197 183 160 137 118 109 117 133 149 171 196 216 226 229 233 238 241 243 246 248 249 250 251 252 254 257 260 261 262 259 253 240 222 207 209 224 239 249 255 258 261 263 263 259 253 252 253 248 241 240 243 238 224 207 198 202 205 200 194 185 182 183 187 199 211 224 236 244 250 254 258 261 266 276 292 309 327 350 375 395 411 424 435 447 458 466 472 480 486 490 495
200 193 190 194 199 195 178 153 131 113 109 122 139 157 178 199 215 225 229 232 237 240 242 243 243 243 244 246 248 250 253 258 259 259 257 250 237 219 203 206 223 237 248 255 259 261 261 258 250 242 238 237 232 228 233 238 230 217 202 190 189 188 184 179 177 178 182 192 206 219 231 242 254 262 267 272 275 278 286 297 311 325 344 367 386 402 416 430 444 457 466 476 485 493 499 503
195 186 184 191 197 189 169 145 124 109 110 127 143 162 183 202 215 224 229 233 234 236 236 237 237 238 240 243 246 249 252 255 257 258 257 252 240 221 204 204 215 228 240 249 254 258 260 254 244 233 226 224 219 218 226 230 223 211 197 185 178 174 171 171 175 181 186 195 208 222 235 248 260 270 278 285 291 298 304 313 324 338 355 372 384 397 411 425 439 455 469 480 490 498 502 504
186 176 175 186 191 179 158 136 117 104 111 128 144 163 183 200 213 220 226 229 230 229 229 230 232 236 239 243 246 249 251 252 254 256 257 254 244 227 208 199 205 218 232 243 249 254 257 253 242 227 214 209 207 210 217 220 214 203 192 181 170 166 168 173 179 186 189 195 206 220 234 248 262 275 286 296 306 316 324 334 345 358 372 382 390 400 414 428 441 457 473 486 493 499 501 503
174 166 170 183 186 171 149 128 110 103 112 127 143 160 179 197 207 213 220 223 223 220 218 222 228 233 237 241 244 246 247 249 251 254 255 254 247 232 214 199 194 204 218 232 243 250 254 253 243 223 205 197 196 200 206 207 203 196 185 173 164 164 169 177 186 193 198 199 203 214 229 244 261 276 289 303 317 331 343 354 364 375 386 392 398 407 419 431 444 460 477 488 494 497 497 497
163 156 164 178 180 165 144 123 105 99 107 121 136 153 170 187 199 206 212 215 216 215 216 219 225 230 234 237 239 241 242 245 249 252 255 255 250 239 224 207 193 192 204 220 233 243 249 251 243 225 207 195 187 187 193 196 194 187 175 163 160 165 174 185 195 203 209 212 213 217 226 239 256 273 288 305 323 339 355 367 377 386 394 399 406 414 422 432 446 463 479 489 491 491 490 489
149 145 156 171 174 161 143 122 102 96 104 117 130 145 161 175 188 198 202 203 203 205 208 212 217 223 228 231 234 236 237 241 245 250 253 253 251 244 230 213 197 187 192 208 222 234 243 248 243 227 210 193 178 173 179 185 183 175 164 158 162 171 182 194 205 216 223 227 227 227 232 242 255 269 284 301 321 341 360 372 381 389 396 402 409 417 425 433 446 463 477 483 483 481 480 483
135 137 152 168 171 162 145 122 101 94 100 110 122 137 150 163 177 186 187 184 183 186 191 196 204 214 221 226 230 233 236 239 243 247 251 253 253 247 233 216 197 183 185 199 214 225 235 241 241 229 212 193 175 166 170 174 170 162 156 157 166 180 193 205 217 229 238 243 246 247 249 254 264 276 287 302 321 342 360 371 379 386 393 400 407 416 427 435 446 460 471 476 473 469 471 476
124 131 149 165 171 166 149 126 103 90 95 105 114 126 139 150 159 165 166 164 161 163 169 178 193 210 220 227 231 234 237 239 243 247 250 252 253 249 236 219 199 181 177 188 203 216 227 233 233 224 210 193 175 162 159 158 155 153 153 158 172 190 204 217 229 240 250 257 263 266 267 270 278 290 300 311 328 346 361 371 379 386 394 401 409 418 428 436 445 455 462 464 463 463 465 469
116 125 141 159 170 168 154 130 104 90 91 100 107 116 127 136 142 147 150 149 149 149 156 171 193 213 223 229 233 235 237 239 243 246 249 250 251 249 239 223 202 179 168 175 190 205 217 223 223 216 205 191 174 160 151 147 147 149 155 168 183 200 215 228 240 251 262 270 275 280 283 286 293 303 312 322 338 355 367 375 381 390 398 405 413 420 428 433 439 447 450 452 454 456 458 461
111 123 137 151 162 163 151 130 107 90 88 97 103 108 115 122 128 133 137 137 139 145 156 173 193 212 224 229 232 235 236 238 241 242 246 248 249 248 240 225 205 179 161 161 175 191 204 212 212 206 197 183 168 155 146 143 146 155 167 181 194 209 223 237 249 259 268 274 280 287 293 298 305 314 323 335 349 362 371 378 385 394 402 408 413 417 422 426 431 436 439 442 446 447 451 455
103 116 129 140 150 153 144 127 106 89 85 93 99 102 106 111 116 122 126 128 136 147 162 180 198 213 221 225 229 232 234 236 237 238 242 245 248 246 240 229 211 186 163 153 161 175 186 195 198 194 184 170 156 145 140 143 152 166 180 191 202 215 226 236 247 256 264 271 280 289 296 303 310 317 329 342 355 367 373 379 387 394 399 401 405 407 410 416 423 429 431 433 433 436 444 451
93 105 118 128 136 140 136 123 104 87 82 89 93 97 102 106 111 116 121 128 140 153 168 185 199 209 215 220 224 229 232 233 232 234 237 242 245 244 239 232 218 196 169 152 150 160 171 178 181 179 170 156 145 139 137 144 158 172 184 193 202 212 219 225 236 246 254 264 276 286 295 303 310 318 329 342 354 364 372 378 385 389 390 390 391 391 393 400 409 417 420 421 423 428 436 445
85 94 105 115 122 127 125 116 99 84 79 83 87 91 98 104 110 114 121 132 146 157 168 179 189 197 203 210 216 223 227 228 228 229 233 238 241 242 239 233 222 203 181 159 146 148 157 164 167 165 156 144 138 137 138 146 157 169 180 188 195 202 208 213 223 236 246 257 269 282 292 301 308 316 327 338 348 359 369 376 381 383 380 377 376 375 378 385 395 403 407 409 415 421 427 437
76 83 93 101 108 113 114 106 91 80 77 81 85 90 97 104 108 114 122 135 147 154 159 165 171 180 189 197 206 215 221 225 227 229 232 236 239 240 238 233 223 209 191 169 149 140 144 150 152 150 142 134 133 136 141 146 152 161 171 180 188 196 204 211 222 237 251 262 272 283 292 299 306 313 321 330 342 353 363 370 373 373 369 363 360 360 365 374 383 391 398 402 408 414 420 427
67 74 83 90 95 99 99 93 83 76 77 80 85 90 96 102 108 114 121 132 139 141 146 151 157 169 184 197 207 216 223 227 229 232 234 237 239 239 235 229 222 212 198 181 162 144 136 137 139 136 131 129 133 140 146 150 153 160 169 178 187 199 212 223 236 250 262 271 280 288 294 299 305 312 317 324 334 346 356 363 363 359 352 345 342 344 352 362 371 381 391 398 403 407 412 419
57 64 73 80 85 88 87 83 77 74 77 81 84 89 94 100 106 112 117 123 129 132 137 144 154 171 191 207 217 225 230 232 234 236 238 239 239 236 230 224 219 213 203 190 174 158 144 134 129 128 126 127 135 146 155 160 161 165 175 185 197 213 227 238 250 262 272 280 287 293 296 299 305 310 315 320 328 339 349 354 351 343 333 327 327 333 344 355 367 380 387 392 398 402 406 412
53 57 64 71 77 80 78 73 68 70 77 82 85 88 93 98 103 107 112 118 122 127 135 147 161 179 198 213 224 230 234 236 237 239 239 239 238 235 229 220 213 210 205 194 179 166 152 139 129 124 124 128 139 152 163 167 168 172 182 194 209 224 238 249 261 271 279 284 289 292 295 299 303 306 311 315 322 330 335 336 333 325 318 317 322 331 342 357 371 381 388 390 392 394 399 405
53 54 58 61 65 69 66 62 65 72 78 82 84 87 90 94 98 102 107 113 119 125 135 149 164 181 198 214 226 233 237 239 239 240 239 237 234 232 226 216 208 205 201 193 180 167 152 137 126 120 122 131 145 161 173 178 179 180 187 200 214 230 245 257 268 277 283 285 287 290 293 296 298 301 306 311 314 318 320 320 316 312 309 311 321 335 348 360 368 374 380 380 382 386 394 402
52 53 54 55 57 58 57 59 66 74 78 80 83 85 88 91 95 99 105 111 118 124 134 146 160 175 191 207 221 230 236 238 239 238 235 233 230 227 221 212 204 198 195 188 177 164 147 132 122 119 124 135 151 168 182 189 192 191 194 205 221 235 248 262 272 278 281 282 283 285 287 288 293 298 302 306 308 309 307 306 305 302 303 310 323 336 347 354 358 362 367 371 376 382 388 396
53 53 54 54 54 56 57 60 65 71 75 78 81 83 85 89 93 97 103 109 114 120 127 137 148 161 174 190 206 218 227 231 232 231 230 228 226 222 216 207 200 193 186 178 167 152 135 122 118 120 130 145 160 177 191 200 204 203 203 211 227 240 250 260 269 274 276 275 273 273 274 278 285 293 298 300 302 302 297 294 295 297 301 309 322 333 341 343 346 350 357 363 369 376 383 389
53 54 54 54 54 55 57 58 60 65 71 75 78 80 83 87 91 94 100 107 112 116 122 129 136 146 158 172 186 200 211 216 217 218 219 218 218 217 211 204 197 189 178 166 152 137 123 116 117 124 138 154 170 186 201 212 215 211 210 217 231 241 249 257 263 268 269 266 261 258 260 266 275 285 291 294 294 291 287 286 289 294 299 308 318 326 331 336 341 348 354 359 363 370 377 384
55 55 55 55 55 56 56 57 58 61 67 72 75 77 81 85 88 91 96 102 108 112 117 122 127 134 143 153 167 181 191 196 198 200 200 200 201 203 202 197 192 184 170 153 138 125 115 114 120 130 145 160 176 192 207 219 223 223 222 224 231 237 245 252 256 257 258 255 248 245 250 260 269 278 284 286 285 280 279 283 288 293 298 308 316 321 326 331 339 347 353 355 359 365 372 380
55 55 55 55 56 56 56 57 58 60 65 69 74 77 80 83 84 88 93 98 104 108 112 117 121 126 134 142 152 162 172 178 180 182 184 184 184 186 191 190 184 173 157 141 128 119 113 114 122 134 148 164 180 196 211 224 230 231 230 228 229 231 235 241 248 250 248 242 235 235 244 257 265 270 273 274 274 276 278 282 288 293 298 307 315 319 324 332 340 346 350 351 354 360 369 380
56 56 56 56 56 56 56 57 57 59 61 65 70 73 76 78 81 83 86 92 98 103 108 112 117 122 128 136 144 150 155 159 161 165 169 170 169 171 176 177 172 160 146 132 120 112 110 116 124 136 152 168 184 198 212 225 232 233 231 229 226 222 222 230 237 240 236 228 222 226 236 249 259 264 265 267 270 273 277 281 288 293 298 304 311 317 323 332 339 342 344 347 351 355 366 381
57 57 57 57 57 57 57 58 58 58 58 60 64 67 68 70 75 78 82 87 92 98 103 108 112 117 122 128 134 138 140 144 146 150 155 156 156 158 162 163 157 147 133 121 112 107 109 116 125 138 156 172 186 199 212 223 229 230 229 225 219 211 209 216 222 223 219 211 208 217 226 238 252 260 263 266 269 272 274 279 286 293 297 301 306 311 320 330 334 336 339 342 349 356 368 382
58 58 58 57 57 57 58 58 58 58 59 60 60 60 63 66 69 73 78 83 89 94 98 102 107 110 114 120 125 129 131 133 134 137 141 142 142 145 150 152 146 134 121 112 107 106 110 118 126 138 156 170 183 196 206 213 218 220 219 216 208 198 193 197 201 202 201 199 202 211 220 231 244 254 260 264 267 269 271 276 282 289 294 298 301 307 318 327 328 328 334 342 351 360 369 380
60 61 60 59 58 58 58 59 59 60 60 60 60 61 61 63 65 69 75 80 86 91 94 97 99 103 107 111 116 121 124 124 125 128 130 130 130 132 135 136 131 121 112 105 102 106 115 122 127 139 154 166 177 188 196 202 205 204 203 201 196 187 181 180 182 185 189 196 206 214 222 231 241 249 256 261 264 266 268 273 280 286 291 295 299 304 312 318 321 326 335 345 353 360 367 374
62 64 63 61 61 61 61 61 61 63 63 62 62 62 62 62 63 66 68 73 81 86 88 90 93 96 98 102 107 113 117 118 118 122 123 121 120 122 123 122 115 109 102 99 103 110 117 124 131 140 152 162 173 182 186 189 192 192 191 190 186 179 173 172 176 182 192 201 209 216 224 233 239 245 252 257 260 264 268 273 278 283 287 291 296 299 305 311 318 329 339 346 351 355 361 365
64 67 68 67 67 67 67 67 67 67 66 65 64 63 63 63 63 64 66 68 73 81 85 87 88 90 93 96 99 104 109 112 112 113 113 113 112 113 113 109 102 98 98 99 104 111 117 123 132 141 149 157 165 171 174 178 180 178 176 178 176 170 167 172 179 186 192 199 206 214 222 230 235 239 246 252 257 263 269 273 277 279 282 286 291 296 303 313 322 330 337 341 343 346 350 353
