c++/data/tasmania/dem_01.asc
ncols        550
nrows        505
xllcorner    505010.324995560979
yllcorner    5258283.953305236064
cellsize     33.365178000000
NODATA_value  9999
[rows 416 to 467 of 505, columns 384 to 479 of 550]
318 309 301 292 284 278 274 272 271 272 277 282 287 289 290 287 281 274 267 259 248 234 220 207 194 180 165 150 135 124 118 116 113 109 105 102 102 102 100 99 100 103 107 109 110 109 108 104 100 99 102 105 104 99 92 81 72 64 60 59 59 57 53 47 40 39 38 37 35 32 29 27 26 26 27 27 29 29 30 30 31 31 31 30 28 27 24 22 20 18 16 13 11 8 6 5
312 306 301 296 293 292 291 291 291 292 297 302 305 306 303 296 289 279 269 258 244 228 213 202 190 174 157 141 130 123 120 118 115 111 106 101 98 97 96 93 91 93 95 96 95 93 91 88 86 85 87 93 96 95 91 82 73 63 57 54 52 49 45 41 37 34 33 32 31 29 28 27 27 28 28 29 29 30 32 32 33 33 33 32 31 29 25 23 20 17 15 12 10 7 4 3
327 321 316 311 308 307 306 306 306 307 312 315 314 312 307 298 287 274 259 245 231 217 204 192 178 162 147 134 128 127 125 122 118 111 107 104 100 96 94 90 88 87 86 86 84 82 80 77 74 73 74 77 81 84 84 79 71 63 55 50 47 44 41 39 38 37 34 32 30 29 28 28 29 29 29 30 30 32 33 33 34 34 35 34 32 30 28 24 20 16 13 9 8 6 3 1
347 341 335 330 327 324 322 320 318 318 320 320 316 309 299 287 275 261 245 231 218 205 192 178 164 150 140 134 133 134 132 129 123 116 111 106 102 99 96 92 89 86 83 81 79 78 77 74 70 69 68 67 69 74 79 75 68 61 54 48 45 44 44 45 44 41 36 32 30 29 29 29 30 31 32 32 32 34 35 35 36 37 36 36 33 31 28 25 20 15 11 8 6 5 3 1
367 361 355 349 344 340 334 328 324 320 318 313 308 298 288 277 262 246 231 217 204 191 178 165 153 145 140 140 142 142 141 137 130 123 116 110 106 103 99 96 92 88 85 82 82 81 80 79 75 71 70 67 64 68 72 69 64 57 50 48 47 47 49 50 48 43 38 33 30 30 30 31 32 33 34 34 35 36 37 37 38 38 38 36 34 31 28 24 20 15 11 8 6 5 3 1
381 375 368 359 353 345 335 327 320 314 307 300 294 285 274 261 246 230 216 201 189 177 165 156 151 148 147 148 152 154 151 145 137 130 123 116 110 106 102 98 93 90 88 88 88 86 84 83 79 76 73 71 66 63 64 61 57 53 50 49 49 51 53 53 51 45 37 33 31 31 32 33 34 35 36 37 37 38 38 39 39 39 40 37 34 31 26 22 18 15 12 10 8 6 5 1
384 376 366 356 348 339 327 318 311 303 294 286 279 270 258 244 230 215 199 185 175 164 158 155 156 158 158 159 160 161 159 154 147 140 132 124 117 110 104 98 94 93 92 93 94 91 89 86 83 80 77 73 69 64 61 58 56 55 54 52 53 55 57 56 53 46 38 33 31 33 34 36 37 37 38 39 40 39 39 39 40 41 41 39 36 32 27 22 17 15 12 11 10 10 9 4
376 367 355 345 336 325 315 307 298 288 280 271 263 254 242 228 214 200 185 175 168 163 162 164 169 172 172 172 171 169 166 162 155 148 142 135 126 117 110 103 98 97 97 100 101 98 94 90 86 83 79 75 73 70 65 61 60 60 58 56 57 59 60 56 51 44 38 34 33 35 38 39 40 39 40 41 41 41 41 41 42 42 42 41 39 34 28 22 18 16 15 14 14 14 13 10
366 355 343 334 324 313 304 294 282 273 266 259 248 238 225 214 204 193 183 178 176 175 178 182 184 186 186 185 181 177 175 170 164 158 152 144 135 125 116 107 102 101 102 107 107 106 103 97 90 86 82 77 75 73 69 66 64 62 60 59 59 60 58 51 43 38 36 35 35 37 39 41 42 41 42 42 42 42 42 43 43 43 43 42 40 36 29 23 20 18 17 17 18 18 16 14
354 342 331 321 312 301 291 280 268 262 253 244 235 227 216 208 202 198 192 190 190 192 195 198 200 200 199 198 193 189 186 181 175 168 159 149 140 130 119 111 106 105 110 117 120 117 112 105 98 93 88 82 78 74 72 69 66 64 63 61 59 57 51 44 39 37 37 36 37 38 40 42 43 43 44 45 44 45 45 44 44 44 44 42 40 36 31 27 24 21 19 19 19 19 17 15
341 331 321 310 299 288 278 269 260 250 241 236 232 226 220 216 214 212 209 208 208 210 211 213 214 214 214 212 208 204 197 188 181 174 164 153 143 133 125 118 112 111 118 128 132 127 121 115 106 99 93 87 82 77 74 71 67 65 63 60 55 49 44 40 39 38 38 38 39 41 42 43 45 45 46 47 47 46 46 46 46 45 44 41 40 37 32 29 25 20 18 19 19 17 15 12
328 318 308 297 286 277 270 264 258 251 246 245 245 243 238 235 232 231 228 226 225 226 227 228 230 230 228 227 224 220 211 198 188 180 170 159 149 140 132 126 120 118 124 134 139 136 131 124 116 107 99 93 88 82 77 73 69 65 62 57 51 45 42 40 39 39 39 40 41 42 43 45 46 47 48 48 48 48 47 47 47 45 42 40 38 34 29 25 20 17 16 17 16 12 8 6
315 305 296 289 282 275 271 268 266 263 260 260 259 259 257 255 252 249 246 243 243 244 244 244 245 245 242 240 239 233 224 211 198 186 176 166 160 150 141 134 129 126 128 137 144 143 138 132 124 116 107 98 91 86 80 75 70 66 61 54 48 45 44 42 41 41 42 42 43 44 45 46 47 48 49 49 49 49 48 48 47 44 41 38 34 29 25 20 17 14 12 12 9 5 1 0
307 300 296 293 287 283 281 280 278 278 279 277 276 274 273 272 270 266 263 261 261 261 261 262 262 262 258 254 250 244 237 225 211 198 185 176 169 162 153 146 140 134 134 140 147 150 145 138 131 123 114 104 95 89 83 78 73 67 60 52 47 45 44 44 43 43 44 44 45 47 47 48 49 50 50 50 50 50 49 49 47 44 39 34 29 24 20 16 14 12 9 7 3 0 0 0
310 306 305 305 301 297 296 295 295 295 295 294 292 289 287 286 286 284 282 280 280 278 277 277 277 276 271 266 260 254 246 237 225 211 198 189 181 174 164 157 152 146 144 145 150 153 150 143 134 126 118 109 100 93 88 82 76 70 61 53 46 45 44 44 44 44 45 46 48 48 48 50 51 51 51 51 50 50 50 48 43 40 36 30 24 20 16 13 11 8 5 2 0 0 0 0
317 315 314 314 312 310 310 310 310 310 309 308 306 302 300 300 300 299 298 298 298 295 292 291 290 288 282 277 272 265 256 247 237 225 213 205 196 188 178 171 163 158 152 150 153 155 153 147 136 129 121 113 105 96 88 83 78 72 62 53 47 45 45 45 45 46 47 48 49 50 51 51 52 53 54 52 50 49 48 45 39 35 30 24 20 17 14 11 7 4 1 0 0 0 0 0
326 323 322 322 322 322 324 325 326 324 323 323 320 315 312 311 311 311 311 311 310 306 304 304 302 298 294 288 281 276 268 257 247 238 228 220 213 204 193 185 176 170 164 162 161 159 155 146 137 129 124 115 107 98 89 81 76 71 62 53 48 46 46 46 47 48 49 50 51 52 53 54 55 56 55 53 50 47 43 39 34 29 24 20 17 14 12 9 3 0 0 0 0 0 0 0
338 336 335 333 333 334 336 337 337 337 337 336 331 326 322 319 318 317 317 316 315 313 313 312 311 308 305 299 291 285 279 270 260 250 242 235 228 219 209 199 189 181 175 172 168 162 156 147 137 131 124 116 109 100 91 81 74 68 61 54 49 47 46 47 48 49 50 51 53 54 55 56 57 58 55 53 49 45 41 35 30 25 20 17 14 11 9 5 1 0 0 0 0 0 0 0
352 351 348 343 341 343 347 349 350 350 348 347 341 334 328 324 322 320 319 318 319 318 317 316 316 315 312 309 302 295 290 282 274 264 254 247 241 232 224 214 202 191 183 177 172 166 159 148 139 134 126 116 108 99 92 82 73 67 61 55 49 47 47 47 48 50 51 53 54 55 57 58 59 59 56 53 49 44 40 35 28 21 17 14 11 8 6 3 0 0 0 0 0 0 0 0
362 361 358 352 350 351 354 359 361 359 355 351 343 335 327 322 319 318 318 319 320 320 320 320 320 320 318 317 312 304 299 293 287 278 267 259 252 244 236 226 214 202 193 185 176 168 160 149 141 136 127 115 105 98 92 82 73 68 63 57 51 47 47 48 49 50 53 54 56 58 59 60 60 59 56 52 48 43 37 32 26 20 16 12 9 7 5 2 0 0 0 0 0 0 0 0
365 363 360 355 351 350 352 357 360 358 352 346 337 328 319 316 315 316 318 319 320 321 321 321 321 321 321 320 318 312 307 303 297 289 279 271 263 254 246 235 223 211 201 190 178 170 161 151 143 136 127 114 105 99 92 83 76 70 65 57 50 48 48 49 50 52 54 55 57 59 60 60 61 59 55 51 47 41 35 27 22 17 14 11 8 7 4 1 0 0 0 0 0 0 0 0
363 360 356 351 347 345 345 348 350 349 345 339 332 322 314 309 310 313 316 318 320 321 321 322 322 321 321 321 320 318 315 311 304 297 289 281 272 263 253 242 228 216 204 192 179 172 161 150 141 134 126 114 105 98 91 84 78 72 66 56 49 49 50 51 52 53 55 57 59 59 60 61 61 59 54 50 46 39 31 24 20 17 14 11 9 7 5 2 0 0 0 0 0 0 0 0
356 353 349 345 341 338 337 337 337 337 336 333 329 321 312 304 303 307 312 316 319 320 320 320 321 322 322 322 322 321 321 317 311 303 296 289 280 270 258 245 231 218 205 191 178 170 160 147 136 128 120 111 102 94 88 83 78 72 66 56 50 49 50 53 54 55 57 58 59 60 61 61 60 58 53 48 44 37 28 23 19 17 14 12 10 9 7 4 1 0 0 0 0 0 0 0
343 343 341 338 334 331 329 329 330 330 329 326 323 318 310 300 295 298 304 310 314 318 319 320 320 321 322 323 323 323 322 320 315 306 297 290 283 272 258 245 232 218 205 191 177 167 158 145 132 121 111 103 96 89 84 80 77 72 66 57 51 50 52 54 55 57 58 59 60 61 61 60 59 57 53 47 42 35 28 24 21 19 16 14 12 11 9 6 2 0 0 0 0 0 0 0
334 333 331 328 325 322 320 320 320 320 319 318 315 312 306 297 290 287 291 298 307 315 317 317 318 319 321 323 323 323 322 319 313 305 295 286 278 268 255 244 231 218 204 191 177 167 159 146 131 116 105 96 89 82 78 76 73 69 64 58 53 52 53 55 57 58 59 60 61 61 61 60 59 55 51 46 40 35 30 27 24 20 18 16 14 12 10 7 4 1 0 0 0 0 0 0
326 324 321 318 317 316 313 312 311 311 312 310 308 308 304 295 285 277 276 285 297 308 312 312 313 314 317 320 320 320 318 314 310 303 292 282 272 261 249 239 227 215 203 190 177 167 159 147 133 119 106 94 84 78 73 70 66 61 58 57 54 53 55 57 59 60 61 61 62 61 60 59 57 53 48 43 39 35 32 30 27 24 20 17 16 13 11 9 6 3 0 0 0 0 0 0
312 312 312 311 310 309 307 306 305 306 307 307 306 305 302 294 281 268 264 272 283 295 301 302 302 304 309 312 313 313 312 308 304 299 289 278 266 254 244 232 220 209 198 187 175 164 156 147 135 121 108 94 82 75 67 62 58 56 55 55 56 56 57 59 60 61 61 62 62 61 60 57 53 50 47 41 38 36 34 32 30 26 22 18 17 16 14 10 8 5 1 0 0 0 0 0
299 300 303 303 304 302 300 300 301 302 303 303 303 302 300 294 280 263 253 257 267 279 286 287 287 293 298 301 304 304 304 303 298 293 284 272 260 248 237 225 215 204 192 180 168 158 151 143 134 122 108 95 82 72 62 58 58 58 58 58 59 59 59 60 61 62 62 62 62 62 61 57 51 48 45 42 41 39 36 34 31 28 23 20 19 18 15 12 10 6 3 2 0 0 0 0
291 293 297 298 298 297 296 296 298 299 300 301 301 300 298 292 279 260 242 238 246 259 267 269 269 276 283 290 294 295 295 295 290 284 277 267 253 240 229 218 207 195 183 170 159 151 147 139 132 121 109 95 79 68 60 60 61 61 61 62 62 61 60 61 62 63 63 63 63 62 61 57 52 48 46 45 43 40 38 35 31 28 24 21 20 19 16 13 10 7 6 3 2 0 0 0
284 288 292 294 294 293 292 293 294 297 298 299 299 297 293 287 274 257 239 226 227 237 246 251 253 260 269 276 281 282 282 282 280 275 269 260 246 233 222 211 198 184 172 162 150 143 139 135 129 119 106 89 73 63 61 62 64 65 65 65 64 63 63 62 63 64 64 64 64 63 60 58 54 51 50 48 45 42 38 34 31 28 24 21 19 18 16 13 11 9 7 5 3 1 0 0
277 281 285 287 288 288 287 287 289 292 294 295 294 292 286 278 270 257 243 226 217 220 227 233 237 247 256 262 267 269 269 269 269 266 260 251 238 226 216 205 190 177 163 150 139 131 128 127 122 113 99 82 67 63 64 66 68 69 69 68 67 66 65 64 65 66 65 65 66 64 63 61 58 56 53 50 46 42 37 33 31 28 24 21 19 16 14 12 10 9 7 5 3 2 0 0
271 273 275 275 276 276 274 275 279 284 287 288 286 284 278 272 266 257 244 226 210 205 208 215 223 233 242 248 253 255 256 256 256 255 250 242 230 220 210 198 184 170 156 142 131 120 116 116 114 106 91 75 66 66 68 69 70 71 72 71 69 68 67 67 67 67 67 67 67 67 65 63 61 58 55 51 45 41 36 31 30 28 24 20 18 15 13 11 9 8 7 5 3 2 1 0
272 264 261 260 260 259 257 259 265 271 275 276 274 272 269 264 258 251 239 223 207 195 193 201 210 219 228 232 236 239 241 240 239 237 235 231 222 212 203 192 181 168 154 141 127 114 108 108 108 101 85 71 66 69 70 71 72 73 73 72 70 69 69 68 68 68 68 68 68 68 68 66 63 60 54 49 43 38 34 30 28 24 21 18 15 12 11 10 9 8 7 5 3 2 0 0
277 264 254 250 246 243 240 242 250 256 259 260 259 259 258 252 248 244 232 218 204 189 184 190 197 206 214 218 220 221 222 222 220 219 219 218 213 205 196 186 177 167 154 140 125 111 103 100 101 96 81 70 69 71 72 73 74 74 74 74 72 71 71 70 69 69 68 68 69 69 70 68 63 59 54 48 43 38 33 29 24 20 17 15 12 10 9 9 8 7 6 4 2 2 0 0
286 274 262 251 243 235 227 226 232 237 241 244 245 245 242 238 235 231 221 208 196 184 177 181 187 193 200 205 206 205 206 205 205 205 206 205 202 195 187 178 169 162 152 136 119 106 97 93 94 88 76 70 70 73 75 76 77 77 76 75 74 74 73 72 71 71 70 70 70 70 70 67 61 56 52 47 43 38 33 28 22 18 14 12 10 8 7 7 7 6 4 3 2 1 0 0
295 286 275 263 252 241 227 217 216 219 223 226 227 227 225 222 220 216 210 200 189 177 169 170 176 181 186 191 192 192 191 191 191 192 192 192 189 183 176 169 161 155 146 131 114 99 90 85 83 79 73 72 73 76 77 78 79 79 78 78 76 76 76 75 74 73 72 71 70 69 67 62 56 51 48 44 40 36 30 26 21 17 14 10 9 7 7 6 6 4 4 2 1 0 0 0
302 295 287 275 265 253 238 221 210 206 207 207 207 206 205 203 202 200 198 192 183 172 162 158 163 168 173 178 179 178 178 178 179 179 179 178 174 169 164 158 152 147 139 124 109 94 84 78 75 74 74 75 77 79 80 81 81 81 80 80 80 80 79 78 77 75 74 73 70 68 63 56 47 41 39 37 35 32 27 23 19 17 13 10 9 8 6 6 4 4 3 1 0 0 0 0
309 303 296 287 276 265 251 233 215 203 197 193 189 187 185 183 181 182 184 182 174 166 157 149 149 155 161 165 166 165 166 165 164 165 165 162 158 154 147 141 138 136 130 118 103 90 81 77 77 79 80 80 81 81 82 83 84 84 83 83 83 83 82 81 79 77 76 74 71 68 61 54 44 37 33 29 28 26 22 20 19 17 13 11 9 8 6 5 3 3 2 0 0 0 0 0
315 308 302 293 285 274 261 245 227 211 201 193 184 179 175 170 166 166 167 168 163 158 151 144 141 143 149 152 152 151 151 151 148 147 148 146 143 138 130 124 121 122 119 109 96 84 78 79 81 83 84 84 84 84 84 85 86 86 86 86 86 86 85 83 81 79 77 75 73 71 66 60 51 42 33 28 25 22 19 19 18 16 13 11 10 8 6 5 4 2 2 1 0 0 0 0
317 311 304 296 289 278 266 254 239 225 213 205 195 189 182 173 164 159 154 152 149 147 144 139 134 134 137 140 140 139 138 137 132 129 129 128 126 120 113 109 108 108 105 97 88 82 80 82 85 87 87 87 87 86 86 87 88 89 90 89 89 89 87 86 84 80 78 77 75 73 69 64 57 47 37 30 25 21 18 17 16 14 12 10 9 8 6 5 4 2 2 1 0 0 0 0
316 310 303 297 289 280 272 263 252 238 227 218 209 201 194 185 173 164 155 146 139 137 136 133 129 128 130 132 131 130 127 125 120 116 114 112 108 103 98 95 94 94 92 87 83 82 85 87 89 91 91 91 89 89 88 88 90 91 92 91 91 91 89 88 85 81 80 78 77 75 73 69 62 51 41 31 25 21 18 15 14 12 11 9 9 8 6 5 4 2 2 1 0 0 0 0
311 306 300 293 288 282 276 271 263 252 242 233 222 211 203 195 184 172 162 153 142 135 131 128 125 122 121 121 122 121 119 113 109 106 102 98 96 94 91 90 89 88 87 86 86 87 90 92 93 95 95 94 94 92 90 90 92 93 93 93 92 92 90 88 85 82 79 77 77 76 75 72 64 55 44 33 26 21 19 16 14 12 10 9 9 8 6 5 4 3 2 0 0 0 0 0
302 297 291 286 285 284 281 276 272 264 256 247 236 223 213 203 192 180 169 159 149 139 131 125 122 119 113 110 111 110 108 102 99 99 97 95 97 98 98 99 99 98 96 93 91 91 93 95 97 99 99 99 99 98 95 94 95 94 94 93 92 91 90 87 84 81 77 75 75 75 74 72 66 58 47 37 30 24 19 17 15 13 11 9 9 8 7 6 4 3 3 1 0 0 0 0
292 286 279 275 276 278 280 280 276 272 265 256 245 232 221 209 198 187 174 162 153 143 131 122 118 115 111 106 105 102 100 100 99 98 99 100 104 106 108 111 110 108 103 99 95 94 97 100 102 103 104 104 103 102 99 98 98 96 94 92 91 90 88 85 81 76 73 71 71 71 71 70 66 59 48 41 32 25 21 18 15 14 12 10 10 9 8 8 6 5 3 1 0 0 0 0
289 281 270 265 267 272 276 277 274 269 262 254 244 230 219 208 197 185 173 161 150 140 128 118 114 111 108 105 104 103 103 106 105 104 106 108 113 115 117 118 118 115 108 102 98 97 100 105 108 109 108 108 108 106 103 100 98 95 93 91 90 87 85 81 76 72 68 66 66 66 66 65 62 57 49 42 34 28 23 19 17 15 13 12 10 10 9 8 8 6 4 3 1 0 0 0
287 280 266 258 258 263 267 269 267 261 254 246 234 221 209 198 188 177 167 156 144 132 120 112 109 108 107 107 108 110 110 112 112 111 113 116 121 124 125 127 126 121 113 106 100 99 102 107 113 115 115 114 112 109 105 101 97 93 90 88 87 84 81 76 70 65 63 62 60 60 59 59 56 52 48 43 38 33 28 22 19 16 14 13 12 11 11 10 9 8 6 5 2 0 0 0
284 278 262 249 249 253 255 256 255 250 242 232 220 208 198 187 176 164 154 145 134 121 112 110 109 110 112 113 116 120 121 120 117 116 118 122 126 129 131 132 131 126 118 109 101 101 106 112 119 121 121 119 116 112 108 103 98 92 86 83 81 78 74 70 64 60 57 57 56 54 53 52 48 45 43 41 38 34 30 26 21 18 15 13 13 13 13 12 11 10 9 7 5 1 0 0
280 275 261 246 241 241 242 242 239 234 225 216 207 196 186 176 163 150 137 129 121 114 114 116 117 119 121 125 126 127 127 123 119 118 121 125 130 133 135 136 135 131 122 111 104 106 111 118 124 126 126 123 120 115 110 105 98 91 83 78 76 71 68 64 60 57 54 52 51 50 46 44 41 38 36 36 34 32 28 24 20 18 16 15 14 14 16 16 15 13 11 10 8 4 1 0
274 270 259 243 231 226 227 227 222 215 208 201 193 183 174 163 149 135 122 116 115 117 119 123 126 129 129 133 135 135 132 127 121 122 125 129 134 136 137 139 138 134 123 112 108 111 118 125 130 132 131 128 123 118 112 106 97 90 82 77 73 69 66 63 59 56 53 49 48 46 43 39 36 34 31 30 29 28 25 22 20 19 17 17 17 17 18 19 17 16 15 13 11 7 4 2
267 265 256 241 222 211 209 209 205 200 194 187 179 170 161 148 135 124 118 118 119 122 124 128 133 136 136 139 141 141 135 129 126 129 132 135 139 141 142 143 139 132 122 112 110 116 125 132 138 140 139 134 127 120 113 105 96 88 83 79 75 71 67 63 60 57 54 50 48 46 43 39 37 34 30 28 27 26 24 22 20 20 20 20 21 22 21 22 21 19 17 15 12 11 9 7
259 259 252 238 218 201 193 191 191 188 183 174 165 155 145 133 126 121 122 124 126 127 128 132 137 140 142 144 144 142 135 130 129 133 137 141 145 147 148 147 140 130 121 114 114 119 128 136 140 141 142 139 131 121 113 103 95 90 87 84 80 76 72 67 63 60 56 53 49 47 46 43 40 37 34 30 28 26 24 23 22 22 23 25 26 28 28 28 26 23 20 16 13 10 10 9
248 248 243 232 215 197 183 178 178 177 171 163 153 140 131 126 125 126 129 132 134 134 135 138 142 145 149 150 149 145 138 134 134 138 143 147 151 154 154 151 141 129 121 116 117 121 128 136 140 142 142 141 131 120 110 101 97 95 93 91 86 81 75 70 67 63 58 55 53 51 50 48 46 43 39 34 30 27 26 25 25 25 26 28 32 34 35 34 31 26 22 17 13 10 10 9
