c++/data/tasmania/dem_01.asc
ncols        550
nrows        505
xllcorner    505010.324995560979
yllcorner    5258283.953305236064
cellsize     33.365178000000
NODATA_value  9999
[rows 416 to 467 of 505, columns 192 to 287 of 550]
67 71 72 73 74 74 73 73 72 70 69 67 66 65 64 64 64 64 65 66 69 75 81 84 86 88 90 92 95 98 101 103 104 102 99 99 99 99 99 97 95 95 97 101 107 114 119 124 131 138 144 150 157 160 161 164 164 160 158 160 161 159 163 172 180 185 188 195 204 213 220 226 231 237 244 250 255 262 269 272 273 274 277 284 291 299 307 316 323 328 331 331 332 337 340 340
69 72 75 77 80 81 79 77 76 74 72 71 69 67 66 65 65 65 65 65 65 69 75 80 82 84 87 90 92 93 95 98 97 92 88 88 88 89 90 92 94 96 98 103 110 116 121 125 129 133 136 142 147 147 147 146 145 143 142 143 146 152 160 168 176 184 190 197 207 215 221 225 230 237 243 247 251 258 265 267 268 271 277 285 296 307 315 320 324 325 325 321 321 325 326 326
70 73 76 79 83 86 85 82 81 79 77 77 74 71 69 67 66 66 66 66 65 67 69 73 77 81 84 86 87 90 93 93 90 86 84 84 86 88 91 93 95 98 103 109 113 117 121 124 125 127 129 131 133 132 132 133 134 135 137 140 146 156 165 174 180 186 191 199 208 216 222 226 231 237 242 245 248 252 257 261 265 271 281 292 304 312 318 321 321 318 314 310 310 312 312 314
72 76 80 83 86 89 90 90 89 88 85 84 81 78 75 70 67 68 68 67 67 66 66 67 69 73 77 80 82 85 88 87 83 82 83 85 88 90 93 95 98 102 107 111 115 117 118 118 119 118 119 120 121 121 123 126 131 137 143 149 155 161 170 179 184 188 194 202 209 216 222 227 232 237 241 242 243 246 254 260 265 273 284 295 304 309 313 314 311 307 301 299 299 299 301 309
74 79 84 88 90 92 95 97 99 98 94 92 91 88 83 76 70 70 71 70 68 68 67 67 67 69 71 74 77 79 79 79 79 81 86 89 90 92 95 98 101 104 107 110 112 112 111 108 107 108 109 113 116 118 123 131 139 147 153 158 162 166 172 178 184 190 196 202 208 215 220 225 231 236 238 237 239 245 254 261 266 271 278 288 295 298 298 297 293 289 284 283 286 287 295 310
75 81 86 90 92 96 99 102 105 106 105 105 102 97 92 87 80 76 77 76 72 69 68 69 69 68 68 70 73 73 73 76 81 86 89 91 91 93 95 97 99 100 102 104 105 104 101 99 102 107 112 117 121 125 130 137 143 151 158 162 167 171 175 179 185 191 196 200 205 211 217 223 228 232 231 232 238 247 255 260 264 268 272 275 279 281 280 278 274 270 265 268 274 283 297 315
76 83 89 92 96 100 104 108 112 114 114 114 112 108 102 96 91 88 87 84 79 73 70 70 71 70 69 69 70 71 72 77 83 88 91 91 88 88 89 90 91 91 91 94 97 96 95 100 107 113 117 121 123 125 127 132 139 146 155 160 166 171 175 180 184 188 192 197 202 207 213 217 221 223 222 224 234 246 252 256 258 260 260 260 261 262 261 260 258 255 253 260 273 285 300 319
79 87 91 95 99 103 108 114 119 121 121 121 121 118 112 104 98 96 95 94 88 80 75 75 75 74 72 71 70 70 71 75 79 84 87 85 80 78 81 83 83 84 85 87 89 91 93 99 107 112 115 116 116 116 117 121 130 137 143 150 156 164 170 172 174 178 183 190 194 198 202 205 207 209 210 214 224 235 244 247 247 247 247 247 248 249 248 246 247 249 252 262 277 291 306 321
80 87 93 97 102 107 113 119 124 127 127 127 127 125 120 113 106 105 104 103 99 91 85 85 83 80 76 73 71 70 70 72 75 77 77 77 78 78 79 80 81 81 83 83 84 87 90 93 98 101 102 102 102 103 105 110 119 126 131 137 145 153 159 160 159 163 169 174 178 183 186 188 190 192 194 200 209 218 226 231 233 232 231 233 234 235 237 237 239 247 257 267 279 292 305 320
79 88 94 100 104 109 116 123 129 135 138 137 135 131 126 121 116 113 113 111 107 102 97 95 93 89 82 76 73 72 71 71 73 74 75 76 76 78 79 79 79 79 80 81 81 83 83 85 88 89 91 93 95 96 97 102 109 116 121 125 133 140 145 145 143 147 152 156 160 165 169 171 173 175 179 186 195 200 205 212 214 214 215 218 220 224 232 238 242 250 262 271 280 288 300 315
78 86 95 102 108 114 121 127 135 142 146 145 142 138 133 130 125 121 120 118 113 109 105 102 101 97 89 83 79 76 75 74 73 73 74 75 76 78 79 78 78 80 80 80 82 83 84 84 84 85 87 89 92 93 93 97 102 106 110 116 121 125 127 130 130 131 135 141 145 148 152 154 156 159 166 174 182 185 188 193 197 198 201 209 218 228 238 245 248 253 263 273 279 285 295 309
76 85 96 105 111 117 124 132 141 148 152 153 152 148 142 138 134 129 127 124 120 116 113 111 108 104 98 94 90 85 83 80 77 75 75 75 76 77 78 79 81 81 81 82 83 84 84 85 85 85 86 88 89 90 92 94 97 101 104 107 110 113 116 119 122 125 128 134 138 140 144 148 151 155 160 167 174 177 178 184 191 196 203 213 225 236 246 253 257 259 265 273 279 286 294 304
76 84 94 103 112 120 128 137 146 154 158 159 159 157 152 146 141 139 136 132 128 125 121 118 116 111 106 104 101 97 92 86 82 80 80 79 78 78 81 83 85 86 86 86 86 86 87 86 86 86 87 87 88 89 91 93 96 99 101 103 106 109 114 118 123 128 133 137 142 147 153 157 161 165 168 172 175 178 183 188 194 202 211 221 232 242 251 261 266 267 270 274 279 285 291 296
77 80 90 102 112 120 129 137 148 158 163 165 166 166 162 154 150 149 145 140 137 133 129 125 122 117 113 111 108 104 99 91 86 88 91 90 87 85 86 88 90 91 91 91 91 91 90 88 87 87 88 88 89 89 90 92 94 97 100 103 106 110 115 119 124 130 136 143 150 157 164 169 176 181 182 185 189 191 193 198 203 211 219 225 234 245 254 264 270 273 275 277 280 284 288 293
78 78 85 97 109 119 127 136 148 161 168 170 173 173 170 163 158 156 154 149 145 141 136 132 127 122 119 116 113 108 102 93 87 90 96 100 100 97 94 93 95 96 97 97 97 98 97 94 90 88 88 88 89 89 89 91 93 96 100 104 108 111 116 120 124 127 133 144 155 163 171 177 184 191 195 196 199 203 205 207 212 218 224 229 235 245 255 263 269 273 277 279 282 285 288 292
81 79 83 92 104 114 123 131 145 162 171 175 178 179 176 171 167 165 162 159 154 149 145 139 133 129 125 121 117 112 105 94 88 91 98 104 108 108 104 99 98 102 103 102 102 104 104 102 99 94 90 90 89 90 90 90 92 95 99 103 108 112 115 118 121 124 128 137 149 162 173 182 189 196 204 208 210 215 217 218 220 224 228 232 237 245 255 261 267 272 276 279 281 284 287 288
85 81 83 89 98 110 120 129 142 158 169 174 178 180 179 176 173 170 170 168 162 157 153 148 143 137 131 126 120 115 106 96 91 92 99 107 112 113 109 106 106 109 109 107 108 110 111 111 111 108 102 97 94 93 91 91 92 94 96 100 105 110 113 116 119 122 124 128 138 154 170 182 189 198 208 217 222 225 226 227 229 231 235 239 242 247 253 259 264 269 273 276 279 282 283 283
90 86 83 85 93 103 114 125 138 149 158 164 169 173 173 174 174 172 172 171 169 164 159 154 148 140 133 127 121 115 107 98 93 94 99 106 112 115 116 116 116 116 116 114 115 116 117 120 124 124 119 111 104 100 96 93 92 94 96 99 103 108 111 115 118 120 123 126 131 143 158 172 183 194 206 217 226 231 232 234 236 240 241 243 245 247 250 255 260 266 271 273 275 278 279 278
95 90 86 86 89 95 103 115 129 138 145 150 154 158 162 166 168 169 170 170 170 167 161 153 146 137 129 123 116 110 105 100 95 94 97 104 112 118 122 126 128 128 127 125 124 123 125 129 133 134 132 126 120 115 107 98 94 93 95 97 101 107 111 114 117 120 125 128 132 137 148 161 175 187 199 212 222 229 234 238 241 242 243 245 244 245 246 249 255 260 266 269 269 271 273 274
99 95 91 87 86 89 95 104 116 125 131 135 137 142 147 151 155 157 162 167 168 166 160 152 145 136 126 120 115 110 105 101 96 95 98 105 114 122 127 132 134 136 135 133 132 131 133 137 140 141 141 140 136 130 121 108 98 94 96 98 100 105 111 114 118 122 126 130 134 137 146 155 165 175 189 203 214 222 230 236 240 241 241 240 239 238 238 242 249 255 259 262 263 264 267 268
103 99 96 91 88 88 91 97 106 113 119 123 126 131 135 139 144 150 155 162 167 166 161 155 150 143 135 127 121 114 109 102 98 97 100 106 114 123 129 134 138 141 142 144 145 145 145 146 147 149 150 148 144 137 129 116 106 98 98 100 98 100 105 110 114 118 119 124 131 138 147 155 160 167 180 194 204 213 221 227 231 231 230 227 226 228 230 233 239 245 250 254 258 261 264 264
107 104 101 97 93 90 90 96 102 107 112 116 119 124 130 135 140 147 155 162 167 168 164 159 155 150 144 137 129 121 113 104 99 99 102 105 112 121 128 135 140 144 147 151 155 158 159 158 158 156 154 154 151 144 133 118 111 108 102 98 97 98 100 101 105 110 114 118 125 132 145 155 158 161 169 184 196 204 210 213 214 214 212 211 212 215 220 226 231 236 241 247 253 259 261 261
112 109 106 103 99 94 91 92 97 104 110 113 117 122 128 135 140 147 156 163 169 171 168 164 161 157 151 145 137 128 119 110 102 102 106 109 111 117 124 133 141 146 152 159 163 168 172 172 168 164 161 159 155 147 134 121 117 119 115 109 102 98 98 98 98 102 108 115 121 126 135 147 154 159 163 174 188 198 202 200 197 198 201 204 206 210 215 220 226 231 236 240 246 252 256 259
117 113 110 107 103 97 93 92 94 102 110 115 119 123 128 133 138 147 156 163 170 173 172 169 166 162 155 149 142 133 124 112 104 105 111 116 117 120 125 131 138 147 156 164 170 176 181 181 177 174 171 166 159 149 134 122 121 127 129 123 113 103 98 98 98 100 106 112 116 121 126 135 146 155 160 166 178 188 191 187 184 190 199 206 210 212 214 217 223 231 238 242 245 248 252 258
122 118 114 110 106 102 98 96 96 102 110 114 119 123 127 131 138 147 156 164 171 176 178 175 171 165 158 152 144 136 125 113 107 110 116 122 125 127 128 133 140 150 159 166 174 181 186 188 188 184 179 172 164 151 136 124 125 132 137 135 126 113 104 100 99 102 105 108 112 116 121 126 135 145 153 158 166 174 175 175 180 191 202 208 211 214 216 218 222 230 240 245 248 250 254 259
126 122 117 112 108 105 101 98 97 101 108 112 117 121 125 130 137 146 155 163 170 177 181 180 174 167 161 154 147 138 126 113 108 113 121 127 132 135 135 138 144 154 162 170 180 188 193 195 196 193 189 179 168 155 138 126 129 137 144 145 139 126 112 103 100 102 103 105 109 112 116 121 125 133 142 149 154 158 161 172 185 195 200 205 209 213 217 219 223 230 239 246 250 250 253 259
130 125 120 115 111 107 103 99 99 102 108 112 116 120 126 130 136 143 152 161 170 179 183 183 179 173 165 158 151 141 128 116 112 117 125 132 138 142 144 146 150 157 165 175 185 193 197 200 203 202 197 188 174 156 137 127 134 144 151 153 150 139 125 112 104 102 102 104 106 107 111 118 124 129 135 142 145 150 160 174 186 192 196 201 207 212 216 220 224 228 235 244 248 246 247 254
135 130 123 118 115 110 105 102 101 104 108 112 116 120 125 130 136 143 151 161 172 180 184 185 182 176 168 159 152 144 134 121 116 121 129 137 143 148 153 157 158 161 166 175 188 196 201 204 207 208 204 194 177 157 137 131 140 153 159 161 161 153 139 125 113 105 103 103 104 106 109 116 125 130 135 140 147 155 165 175 183 188 192 197 204 211 216 220 224 228 233 237 238 235 237 244
140 133 127 122 117 112 108 104 103 106 109 112 116 121 125 130 136 143 152 164 175 181 186 188 187 181 172 163 156 148 136 123 118 123 131 139 147 154 160 165 168 171 171 177 188 196 202 207 212 213 208 196 178 158 140 139 151 163 169 172 172 165 152 138 125 113 105 103 104 105 107 113 121 129 134 141 150 157 165 172 180 186 193 201 206 209 214 220 224 228 230 229 227 226 228 234
143 136 128 121 116 112 108 105 104 106 110 114 118 122 127 132 137 144 153 164 175 181 187 190 191 185 176 166 156 148 136 125 122 125 132 141 150 158 166 173 179 184 185 186 191 197 203 210 216 216 208 196 178 159 145 145 158 169 176 182 181 173 161 149 137 125 113 106 104 105 106 108 113 120 129 140 148 152 157 167 179 188 197 206 210 212 215 219 222 225 225 224 222 220 221 226
142 135 127 120 116 112 108 106 105 108 112 118 123 126 130 136 142 149 159 168 177 184 189 194 193 187 178 166 155 145 133 126 126 127 134 145 154 161 171 181 190 195 197 198 199 201 207 214 221 220 211 197 179 160 148 149 160 173 183 188 187 179 167 155 146 137 126 115 110 107 105 106 108 112 120 132 141 145 149 160 176 189 199 207 210 212 213 215 218 220 219 218 217 216 217 221
138 132 127 122 118 113 108 107 108 112 118 123 128 131 134 142 149 158 166 173 180 187 194 198 194 185 176 164 151 138 129 128 130 130 135 147 157 166 177 188 197 202 206 209 210 212 215 220 226 224 214 199 180 161 152 156 167 179 190 195 193 184 170 159 154 151 142 129 120 113 108 106 106 108 111 120 131 138 144 155 169 185 196 203 206 206 207 209 212 213 212 213 213 215 216 219
138 133 129 125 122 117 110 109 112 116 120 124 130 134 139 145 153 160 167 176 184 191 197 199 195 184 170 157 145 135 133 136 138 137 139 147 156 166 179 192 201 209 214 217 219 223 226 229 231 228 219 203 184 166 161 167 177 188 197 201 197 187 175 167 165 165 159 147 134 122 114 109 108 108 108 112 121 131 141 150 163 179 189 192 192 192 196 200 205 208 209 209 213 216 219 221
144 136 131 128 125 119 113 111 112 116 119 124 130 135 139 145 153 160 166 175 184 191 194 195 192 183 169 155 143 137 140 146 149 148 147 147 153 164 179 192 204 213 223 228 229 232 235 237 238 233 222 206 187 171 169 175 185 195 203 207 205 195 185 178 176 176 171 161 149 135 123 115 111 109 109 111 118 127 135 145 158 171 178 180 177 178 184 190 197 203 206 209 215 220 223 226
148 142 137 132 127 121 116 114 114 117 120 125 130 134 139 145 154 161 165 174 184 189 192 191 189 182 169 155 144 141 147 156 160 160 157 153 155 164 178 193 205 218 229 236 240 241 243 245 244 238 226 210 190 176 174 181 192 202 210 215 213 204 195 188 185 184 181 174 164 151 138 126 118 114 112 112 116 123 131 140 151 161 165 166 165 166 171 179 188 198 204 209 217 222 225 228
155 148 142 137 131 126 120 115 115 118 121 126 130 134 139 145 152 159 165 173 181 187 190 191 189 182 169 155 146 148 156 163 165 166 166 164 163 167 177 191 205 219 232 239 244 250 252 253 251 244 230 213 195 181 180 191 203 210 216 220 220 213 206 199 196 194 191 186 180 169 156 142 130 121 115 113 115 120 127 134 143 152 155 156 157 159 163 169 180 193 202 209 216 220 221 222
163 155 149 142 135 128 122 117 117 120 123 128 132 135 140 145 151 159 164 171 179 186 190 191 191 184 170 156 149 153 161 168 170 175 179 176 171 170 177 189 202 217 232 242 249 256 259 260 257 249 233 215 196 185 189 202 213 219 223 226 225 222 218 215 211 207 203 199 194 186 172 157 144 131 119 114 114 119 125 130 138 146 149 152 154 156 159 164 175 189 201 208 213 215 217 217
171 163 155 146 137 129 122 117 119 122 125 129 134 139 144 147 152 158 165 172 181 186 190 192 191 185 173 160 153 158 167 174 179 187 193 190 183 178 181 189 200 213 231 243 251 260 264 265 262 252 234 213 195 190 198 210 220 228 231 232 232 232 230 229 227 223 218 214 208 200 187 173 158 141 125 116 116 120 126 132 138 143 147 150 152 154 157 160 169 185 199 206 210 211 211 213
179 169 160 150 139 129 120 118 119 123 127 130 135 141 147 152 156 162 168 176 184 189 192 194 193 189 179 167 159 162 172 181 190 200 206 203 197 190 187 192 201 214 230 242 251 261 267 268 263 252 232 211 198 198 207 219 228 234 238 241 243 241 238 237 237 236 235 231 224 213 201 187 171 153 132 119 117 120 125 132 137 140 143 147 150 153 156 158 167 182 194 202 205 206 206 211
186 174 162 152 142 131 122 119 122 125 128 131 136 143 150 156 162 168 174 181 188 193 196 197 198 196 188 175 166 168 177 190 202 213 219 218 211 204 197 197 206 219 232 244 253 263 270 271 266 253 232 211 202 207 215 225 234 241 245 248 249 249 249 249 249 249 250 247 239 227 213 199 184 166 145 128 120 119 121 127 132 135 138 142 147 151 155 159 166 178 189 195 198 199 202 210
193 179 166 155 144 135 127 122 124 127 131 135 140 146 153 160 168 174 178 184 190 195 199 200 204 203 196 185 174 174 184 197 209 221 230 232 226 217 208 204 210 222 235 246 258 267 273 274 268 254 235 217 212 218 224 231 241 249 253 255 256 259 262 263 263 263 263 261 252 240 226 212 196 177 157 138 126 121 120 122 127 132 135 139 144 148 153 159 166 173 179 183 186 190 197 206
198 184 169 156 146 139 133 127 125 128 132 136 140 146 153 162 171 177 184 189 194 199 202 205 210 210 202 191 180 180 190 203 215 228 239 243 239 229 220 216 219 230 241 251 261 270 277 278 271 257 239 223 219 226 233 240 248 255 260 263 265 268 273 275 275 275 275 271 263 251 237 221 202 184 165 147 137 132 127 124 125 129 134 139 144 148 153 161 169 173 175 178 182 188 196 205
204 188 171 157 148 142 137 131 127 128 132 137 142 147 153 160 168 178 186 192 197 201 205 209 216 217 210 200 189 186 195 208 222 235 246 250 250 242 233 227 228 234 244 255 265 274 281 283 276 262 245 230 224 232 241 248 254 261 266 272 276 279 282 284 285 285 284 279 270 257 241 223 205 189 173 157 150 149 143 133 127 127 133 141 147 152 158 168 175 180 182 184 187 193 201 208
206 190 174 163 155 148 143 137 131 129 133 139 144 149 154 158 166 177 186 193 199 204 210 215 221 222 216 208 197 193 200 214 230 243 254 260 262 255 245 238 238 241 248 260 272 281 287 289 281 267 252 238 233 239 248 255 262 269 275 281 285 287 289 291 292 292 289 284 274 259 239 221 205 192 179 167 165 168 162 147 136 129 128 137 147 154 159 165 174 184 191 195 197 201 207 212
209 195 181 170 162 154 149 143 136 132 135 143 148 153 157 161 168 179 189 196 201 208 215 221 225 227 224 217 207 201 206 219 235 248 258 267 270 265 257 251 247 249 255 266 278 285 292 295 287 274 260 247 244 248 255 263 271 278 282 287 290 292 296 302 306 304 299 291 278 261 241 221 205 194 184 176 176 183 181 168 152 138 130 133 144 151 155 158 167 181 194 201 204 207 210 216
214 198 183 173 164 157 151 144 138 135 137 144 150 157 162 166 172 180 191 199 204 212 220 224 228 232 233 227 216 209 211 223 239 252 264 274 278 274 268 262 258 259 263 271 280 288 297 302 295 282 268 255 254 259 263 271 279 284 287 291 295 300 306 313 318 317 311 302 288 269 247 224 209 199 191 183 185 195 199 190 173 156 139 133 141 151 154 157 165 178 193 203 209 212 214 218
217 202 186 174 165 158 152 146 141 138 139 144 150 158 165 172 176 182 192 201 208 215 222 228 233 239 241 237 228 220 218 225 239 253 267 278 284 284 280 274 271 271 273 278 285 295 307 311 302 290 278 266 264 269 274 279 285 291 295 299 302 309 318 324 327 326 321 311 296 278 255 231 214 205 201 195 192 200 208 206 194 177 154 138 142 153 159 164 170 180 192 202 209 212 215 220
219 202 186 173 166 161 156 149 143 139 140 145 150 157 166 174 180 186 194 202 211 220 226 232 239 245 248 247 241 233 227 229 239 253 267 279 289 295 294 288 283 279 280 285 293 302 314 319 310 295 283 275 275 281 285 288 293 300 306 311 316 322 330 336 338 338 331 318 301 282 259 238 222 217 217 211 202 200 206 209 206 194 170 145 140 152 163 171 176 181 189 198 206 211 215 221
220 203 186 174 168 164 160 154 146 141 143 148 153 158 165 174 183 190 196 203 211 220 229 237 245 253 258 260 255 246 237 234 240 252 268 283 295 306 309 303 295 289 289 293 299 309 319 325 318 303 289 283 285 290 293 297 303 310 317 324 330 337 345 351 355 352 341 324 304 284 263 246 235 233 234 225 214 206 201 204 209 202 181 153 140 145 158 170 178 183 188 195 204 210 215 221
223 204 187 176 170 166 162 156 149 143 145 152 156 161 169 177 186 195 201 207 215 223 233 243 252 260 267 272 268 259 248 242 244 253 269 286 302 317 324 319 310 304 302 302 306 314 324 330 326 311 297 292 293 296 301 308 315 321 329 338 345 353 361 369 371 363 348 329 306 287 270 256 248 249 250 242 230 219 208 205 209 207 193 168 147 141 149 164 177 185 191 197 204 211 216 222
224 205 190 180 173 168 162 156 149 145 147 154 159 165 172 181 190 198 206 213 221 230 241 251 260 269 277 283 282 274 262 251 246 253 268 287 305 322 333 332 324 317 314 312 314 321 330 336 333 321 309 303 301 303 310 319 327 334 341 351 360 370 379 386 386 374 352 329 310 294 279 267 263 266 268 261 249 235 222 214 211 209 202 184 163 147 145 156 174 186 193 198 204 212 219 224
223 206 191 183 177 171 164 157 150 146 149 157 164 170 176 184 193 201 211 221 229 238 248 256 264 276 286 292 292 286 275 264 255 254 266 283 300 318 333 337 332 327 323 320 322 330 338 343 342 334 324 317 311 312 320 329 338 346 356 367 378 388 395 400 398 382 357 333 316 304 292 282 279 284 286 281 268 253 237 226 217 212 206 194 179 160 146 149 168 184 192 198 205 211 218 223
