c++/data/tasmania/dem_01.asc
ncols        550
nrows        505
xllcorner    505010.324995560979
yllcorner    5258283.953305236064
cellsize     33.365178000000
NODATA_value  9999
[rows 260 to 311 of 505, columns 192 to 287 of 550]
92 80 71 65 58 50 43 36 32 29 23 17 12 8 7 7 6 4 2 0 0 0 0 0 0 0 0 0 0 0 0 0 0 0 0 0 1 1 1 1 1 2 2 3 3 3 3 3 3 3 2 2 2 4 4 4 5 6 8 15 23 26 29 32 35 39 42 43 43 46 48 48 50 58 67 73 78 81 80 71 61 64 80 99 115 127 137 148 159 168 179 191 196 198 201 201
85 72 62 56 51 46 41 36 30 23 17 13 10 8 5 4 4 2 0 0 0 0 0 0 0 0 0 0 0 0 0 0 0 0 1 1 2 2 1 1 2 2 3 3 4 4 4 4 3 3 2 2 2 2 3 5 7 7 9 17 26 31 35 39 42 46 49 50 50 54 59 59 61 68 77 85 92 97 96 86 74 70 81 101 119 134 146 160 170 179 192 202 208 213 218 219
74 64 53 47 43 41 38 33 27 19 12 8 8 6 3 2 2 1 0 0 0 0 0 0 0 0 0 0 0 0 0 0 0 1 1 2 2 2 2 2 2 2 3 3 4 4 4 4 3 3 2 2 2 2 4 7 8 7 9 17 28 35 41 46 48 51 53 56 60 65 70 74 75 81 91 99 105 110 110 101 86 76 81 97 115 133 149 165 179 191 202 211 219 226 231 234
64 55 47 39 35 33 31 27 21 14 8 6 6 4 1 1 1 0 0 0 0 0 0 0 0 0 0 0 0 0 0 0 1 1 3 3 3 2 2 2 2 2 3 3 5 5 5 4 2 2 2 2 2 3 7 13 14 10 9 17 30 38 46 52 55 58 61 65 71 78 84 87 91 96 104 113 120 125 124 114 98 85 86 100 118 136 154 171 185 198 210 219 228 238 245 247
55 47 39 32 28 25 22 19 15 9 5 4 3 2 1 0 0 0 0 0 0 0 0 0 0 0 0 0 0 0 0 2 2 2 4 4 4 3 3 3 3 3 3 3 4 4 4 3 3 2 2 2 3 6 14 24 24 15 10 18 30 41 50 57 63 68 70 73 80 89 97 101 104 110 118 126 134 139 137 126 112 98 95 110 128 144 161 177 193 206 217 227 239 252 260 260
47 40 34 29 24 20 16 12 9 6 3 3 2 2 1 0 0 0 0 0 0 0 0 0 0 0 0 0 0 0 1 1 3 3 3 4 4 4 3 3 3 3 3 3 3 4 3 3 3 3 2 4 6 13 23 30 29 18 13 21 31 44 56 65 73 78 82 84 90 99 108 114 119 125 133 140 148 153 149 139 124 110 106 117 134 152 169 185 199 212 226 239 252 266 274 271
41 35 29 25 21 18 13 8 5 4 2 1 1 1 0 0 0 0 0 0 0 0 0 0 0 0 0 0 0 1 1 3 3 3 5 5 5 4 4 4 4 3 3 3 3 4 3 4 5 6 7 10 14 20 30 37 34 23 16 20 30 44 58 70 80 87 93 97 102 110 120 128 134 141 149 155 161 166 163 151 138 123 115 122 139 157 175 192 206 221 237 252 266 279 285 278
38 33 27 23 18 15 12 8 5 2 2 1 0 0 0 0 0 0 0 0 0 0 0 0 0 0 0 0 1 2 2 3 5 5 5 6 6 5 5 6 5 3 3 3 5 5 6 9 13 16 18 22 29 32 39 44 40 27 17 20 30 45 59 73 86 96 104 110 115 123 132 139 148 156 162 168 174 179 176 165 151 136 125 127 143 163 182 199 213 228 246 263 278 290 291 280
35 31 26 22 17 12 9 7 5 3 1 0 0 0 0 0 0 0 0 0 0 0 0 0 0 0 0 0 1 2 2 4 6 6 6 7 6 6 6 7 6 4 5 8 12 13 15 21 27 32 33 36 40 42 46 49 46 33 21 21 33 49 64 79 93 105 114 122 129 137 144 151 160 167 173 179 186 191 189 179 164 150 138 136 148 167 185 201 218 235 253 270 286 298 296 280
28 28 23 19 12 8 7 5 4 3 1 0 0 0 0 0 0 0 0 0 0 0 0 0 0 0 0 0 1 3 3 4 7 7 7 7 6 7 8 8 8 8 11 17 23 27 28 32 38 42 43 47 48 50 55 57 53 39 25 26 38 53 69 85 100 113 124 133 141 148 154 162 169 176 182 190 197 202 201 192 179 165 154 148 154 170 187 204 223 243 262 280 296 305 300 283
19 19 17 13 8 5 5 4 3 2 1 0 0 0 0 0 0 0 0 0 0 0 0 0 0 0 1 1 3 3 4 6 9 10 10 9 11 11 10 13 16 17 22 30 35 39 41 44 48 50 53 57 60 61 64 64 58 46 33 29 38 55 73 90 104 118 131 141 149 156 163 169 176 183 190 199 209 216 216 208 195 183 173 164 164 177 193 210 230 251 270 286 302 310 305 288
16 13 10 9 7 5 5 3 2 2 1 0 0 0 0 0 0 0 0 0 0 0 0 0 1 1 2 2 3 5 7 11 16 18 15 16 22 24 23 25 30 31 34 38 43 49 55 59 63 64 66 70 73 74 74 72 65 53 40 34 39 56 76 94 110 124 136 146 153 161 169 175 182 191 199 208 219 227 230 225 214 202 191 180 178 187 202 220 240 260 278 294 308 315 311 294
18 13 9 8 6 5 5 3 2 2 1 0 0 0 0 0 0 0 0 0 0 0 0 1 3 3 3 5 7 10 14 19 24 27 28 28 31 34 35 37 40 44 46 47 50 57 64 70 75 80 84 86 87 87 85 80 70 57 43 35 40 57 78 97 115 129 141 150 157 165 172 178 187 198 207 218 229 238 246 244 234 222 209 199 194 198 210 229 250 270 288 304 317 324 317 298
14 11 8 7 6 5 4 3 2 1 0 0 0 0 0 0 0 0 0 0 0 1 2 2 4 6 6 8 12 18 23 25 29 34 37 36 37 40 43 48 52 57 59 59 61 65 72 81 90 98 100 100 100 99 95 87 76 61 45 37 42 58 78 98 117 130 142 152 158 164 171 179 190 203 213 222 234 247 258 261 254 242 228 218 210 209 221 241 262 280 298 314 330 336 325 303
11 8 6 6 6 5 4 3 2 1 0 0 0 0 0 0 0 0 0 0 1 3 3 4 5 7 9 13 18 24 29 33 37 42 44 42 42 46 50 57 64 69 73 74 73 74 80 91 103 111 114 114 114 113 108 98 83 68 52 40 40 53 75 96 111 124 136 145 152 158 165 174 185 198 211 222 235 248 261 269 269 262 250 237 227 225 235 253 273 291 308 325 341 346 333 309
8 6 6 6 5 4 4 2 1 1 0 0 0 0 0 0 0 0 0 0 2 3 5 7 7 9 12 19 27 34 39 44 49 52 51 46 46 51 57 65 73 80 84 86 86 86 92 101 112 122 127 127 127 124 117 105 91 75 58 44 39 48 69 89 104 115 125 135 143 150 158 169 179 191 205 219 233 247 261 274 281 279 269 258 248 244 253 267 284 302 320 336 350 353 339 317
7 6 5 5 4 3 3 2 1 0 0 0 0 0 0 0 0 0 0 1 3 5 7 8 11 16 22 28 35 43 49 55 59 60 56 51 51 57 64 74 83 88 93 98 99 99 103 111 123 133 138 140 140 138 128 115 100 83 66 51 43 48 64 80 92 102 111 122 133 140 149 161 173 185 198 212 226 241 256 273 286 291 288 280 271 266 271 281 296 315 333 347 359 361 349 328
6 6 5 4 4 3 2 1 0 0 0 0 0 0 0 0 0 0 0 2 5 8 9 12 18 25 31 37 44 51 57 62 67 68 63 58 58 64 74 85 94 100 106 111 113 113 116 124 134 142 149 152 153 148 139 127 112 94 76 58 47 48 57 69 80 91 102 114 128 138 150 163 175 186 197 210 226 241 255 271 287 298 302 299 293 287 288 295 309 326 344 358 367 369 359 340
6 6 5 4 3 2 2 1 0 0 0 0 0 0 0 0 0 0 2 5 8 10 12 16 24 31 38 44 51 59 66 69 72 73 70 65 64 71 84 96 104 111 118 123 128 130 132 137 147 155 159 164 165 158 148 137 123 105 86 68 54 50 57 66 76 88 102 118 133 148 163 175 184 193 205 219 235 248 261 276 291 306 314 316 314 311 310 313 323 337 352 365 372 372 365 351
6 5 4 3 3 2 1 1 0 0 0 0 0 0 0 0 0 1 4 9 11 13 15 21 30 38 44 51 58 67 74 77 79 80 78 74 70 75 89 103 112 120 127 136 144 149 151 154 162 170 175 178 178 170 159 146 131 116 99 81 65 55 56 67 81 95 111 127 143 160 175 187 196 206 218 233 247 259 272 286 301 316 327 332 334 335 335 336 339 348 360 372 377 377 372 358
6 5 4 3 3 2 1 1 0 0 0 0 0 0 0 0 0 2 6 9 12 16 21 28 35 42 49 58 68 76 81 85 86 86 86 84 81 83 93 108 119 128 137 148 157 165 169 173 179 187 193 196 194 185 171 158 143 128 111 93 76 61 57 67 85 103 121 137 153 168 184 196 207 219 234 248 259 272 286 300 314 327 337 343 349 353 354 354 355 360 370 376 379 381 376 363
6 5 4 3 2 1 1 1 0 0 0 0 0 0 0 0 0 2 6 10 14 19 25 32 39 45 53 63 73 81 86 91 94 96 97 96 91 89 97 110 124 135 147 159 171 180 186 190 198 205 210 212 208 198 185 171 156 138 121 104 85 68 60 67 86 108 127 144 158 172 187 202 216 231 247 260 273 286 300 314 327 338 347 353 358 361 363 365 367 371 376 380 384 385 380 369
5 5 4 3 2 1 1 0 0 0 0 0 0 0 0 0 1 3 7 12 17 22 28 31 37 46 57 68 76 84 91 97 100 104 108 109 106 101 103 113 125 138 151 166 181 192 200 207 216 222 225 226 222 212 198 183 165 147 129 109 89 70 61 68 87 109 130 145 158 172 188 204 220 237 254 270 284 298 311 324 336 345 350 355 359 362 366 370 374 377 381 385 388 388 383 372
5 5 4 3 2 1 1 0 0 0 0 0 0 0 0 0 1 4 7 12 17 24 30 31 32 37 47 61 75 87 97 103 108 114 121 123 120 114 114 121 131 143 156 171 187 200 211 223 234 240 242 241 235 223 207 189 169 149 128 109 92 77 66 69 86 108 129 145 158 172 187 202 217 233 251 269 285 299 312 324 335 341 345 349 353 356 361 367 373 379 384 388 390 389 386 378
5 4 4 3 2 1 0 0 0 0 0 0 0 0 0 1 3 6 9 13 18 24 32 39 42 40 35 37 54 78 96 106 115 124 131 135 132 124 121 130 143 155 168 182 195 208 222 236 248 254 257 254 245 231 212 192 170 148 127 109 98 89 77 72 83 105 127 145 158 172 185 199 212 225 243 262 279 293 306 317 327 332 334 336 339 346 356 364 371 379 384 388 390 390 389 381
3 3 3 2 2 1 0 0 0 0 0 0 0 0 0 2 6 9 13 18 22 29 37 47 56 59 51 36 36 59 83 101 117 130 141 147 145 135 131 140 154 168 181 194 204 216 232 247 257 266 271 266 253 235 214 192 169 146 129 118 110 102 89 77 79 99 123 142 158 172 185 195 205 216 232 249 265 279 292 304 313 317 317 317 322 333 347 359 368 378 384 387 389 389 388 382
3 3 2 2 1 0 0 0 0 0 0 0 0 0 1 4 8 12 18 23 28 35 44 51 61 69 69 61 45 37 51 76 100 123 145 157 156 150 145 149 161 176 190 204 216 227 241 255 268 278 282 275 259 237 215 192 169 152 140 133 126 116 102 85 80 93 116 136 153 169 181 189 197 208 222 236 250 264 277 288 295 299 298 299 307 321 339 354 366 377 384 387 388 388 387 383
2 2 2 1 1 0 0 0 0 0 0 0 0 0 3 7 11 17 24 30 36 42 48 54 63 75 81 84 73 51 35 43 70 102 138 160 167 164 159 158 164 178 195 212 226 239 252 266 279 291 292 281 262 238 214 192 173 161 156 151 142 130 116 99 85 87 106 127 146 162 174 181 188 197 209 221 234 249 262 272 277 278 279 284 296 316 336 352 366 376 382 385 387 387 386 383
2 2 1 1 0 0 0 0 0 0 0 0 0 1 5 10 17 24 33 40 43 47 52 60 70 81 91 100 101 86 60 37 39 72 116 149 169 176 176 174 173 181 197 215 233 249 264 278 291 301 300 288 267 241 216 197 186 179 175 169 158 144 130 115 97 88 96 116 135 151 162 169 176 184 194 204 216 231 244 253 257 258 264 276 294 316 336 352 365 374 379 382 385 386 386 383
2 2 1 1 0 0 0 0 0 0 0 0 0 3 7 13 22 32 40 46 50 54 59 67 77 89 102 114 120 115 99 76 48 46 81 121 152 176 190 193 193 197 205 219 236 253 271 285 298 309 307 294 273 248 225 210 204 201 196 186 173 157 141 125 107 92 91 103 120 136 147 154 161 168 177 188 201 213 226 234 237 241 253 273 296 316 333 348 361 370 375 379 383 385 385 383
2 2 1 1 0 0 0 0 0 0 0 0 1 6 12 18 27 37 45 51 57 62 66 75 88 100 111 121 130 132 126 109 75 42 45 81 117 155 188 207 215 215 218 226 240 257 273 289 303 314 313 300 280 257 237 227 224 221 212 198 183 167 150 134 117 100 94 100 109 121 131 138 142 148 159 171 184 197 209 215 221 232 249 271 292 311 328 343 356 367 374 378 382 384 384 382
2 2 1 1 0 0 0 0 0 0 0 0 3 10 16 23 31 38 44 53 60 66 72 80 92 105 115 124 133 140 141 134 111 75 43 41 73 123 177 213 229 232 234 240 249 263 278 293 309 321 320 309 289 267 251 246 243 237 223 206 191 176 162 145 126 108 100 103 109 115 121 125 128 132 141 152 165 179 191 200 210 227 250 272 288 304 324 343 357 368 374 378 381 383 383 382
2 2 1 1 0 0 0 0 0 0 0 0 1 6 13 22 29 35 41 47 54 63 71 79 87 98 108 118 131 142 149 153 144 119 84 53 62 118 177 219 241 249 255 261 267 276 286 298 314 325 328 319 301 281 268 263 259 249 233 217 202 188 172 153 131 113 109 117 126 132 134 133 132 134 136 141 149 159 174 191 209 230 253 276 293 310 328 347 360 368 374 376 378 380 382 382
2 1 1 0 0 0 0 0 0 0 0 0 1 7 12 17 23 29 35 41 46 54 63 70 77 87 98 111 125 139 152 163 168 160 139 118 121 154 196 231 252 264 274 281 286 292 298 307 320 331 333 327 313 297 285 279 271 259 245 230 215 199 179 156 133 116 115 127 143 153 157 157 156 156 153 150 147 150 163 183 206 231 255 278 297 313 327 342 356 365 370 373 375 379 381 382
1 1 0 0 0 0 0 0 0 0 0 0 3 11 18 22 24 27 31 38 45 52 59 65 73 80 91 106 121 136 151 165 179 189 185 175 178 196 223 247 264 277 288 296 303 308 314 321 329 336 339 333 324 312 302 295 285 271 257 243 227 207 182 156 132 118 122 139 157 172 179 181 182 181 177 171 162 154 157 176 202 227 252 274 290 305 318 331 344 356 365 371 375 378 381 382
1 1 0 0 0 0 0 0 0 0 0 0 3 12 20 29 36 40 45 51 55 60 68 76 83 90 96 105 116 129 145 162 179 195 204 207 210 222 242 259 273 285 298 308 316 322 327 333 337 341 342 338 331 324 318 309 297 285 270 253 233 208 180 153 131 123 132 151 173 189 198 202 204 204 201 194 182 167 162 174 195 219 242 262 278 291 306 323 339 352 363 372 377 380 382 383
1 0 0 0 0 0 0 0 0 0 0 0 3 12 22 31 43 52 60 66 67 71 79 86 94 102 109 115 119 124 136 153 169 185 198 208 215 228 245 260 274 288 301 313 322 328 334 338 340 342 343 343 339 335 330 321 309 295 278 257 232 203 176 152 134 131 142 164 187 205 217 223 226 226 223 216 203 185 171 173 187 208 230 250 267 285 305 325 343 357 367 373 378 381 384 385
1 0 0 0 0 0 0 0 0 0 0 0 5 15 25 33 44 57 69 77 79 81 87 94 103 114 123 128 130 131 135 145 158 170 183 195 205 217 233 249 264 279 294 308 319 328 334 337 339 341 343 343 341 340 336 329 318 300 278 252 225 199 173 150 136 138 154 177 200 219 234 244 249 249 247 240 225 204 184 176 183 201 223 246 267 288 308 328 345 359 368 374 379 383 387 389
1 0 0 0 0 0 0 0 0 0 0 1 8 21 32 37 45 58 71 79 82 86 92 102 113 124 133 141 147 150 153 157 162 168 177 188 198 206 218 234 252 267 281 296 309 319 327 332 336 341 343 343 342 340 338 332 319 298 274 250 225 202 177 153 139 146 165 189 212 232 249 262 270 274 272 264 247 224 203 188 187 200 223 249 272 294 314 330 345 357 366 373 379 385 389 393
1 0 0 0 0 0 0 0 0 0 0 3 14 27 38 45 51 59 69 77 84 90 100 111 122 133 143 153 162 169 174 178 180 184 188 195 201 207 217 228 242 256 268 282 298 311 321 328 335 340 343 343 342 340 338 332 317 297 275 253 231 210 186 162 148 155 177 201 224 245 262 277 290 295 294 285 268 246 225 208 199 203 218 241 266 291 313 331 346 359 368 374 380 386 391 395
0 0 0 0 0 0 0 0 0 0 0 4 16 29 42 52 59 64 71 77 87 98 108 119 131 142 151 162 173 182 193 200 203 206 210 214 220 226 232 238 246 256 265 277 292 307 321 332 338 341 343 343 342 340 336 327 312 295 277 259 239 219 198 175 160 165 187 211 235 255 274 291 304 310 310 303 289 269 250 234 222 215 218 231 254 280 307 329 348 362 371 377 382 387 391 395
0 0 0 0 0 0 0 0 0 0 0 4 14 26 40 53 63 71 75 80 90 101 113 126 138 149 160 170 181 193 206 216 222 229 234 237 242 248 255 260 266 273 280 289 302 315 327 336 341 344 344 344 342 338 331 318 302 286 269 254 238 221 203 183 170 176 194 219 244 265 283 300 312 320 323 320 310 294 278 264 252 242 233 233 249 274 302 328 349 365 375 379 382 386 389 393
0 0 0 0 0 0 0 0 0 0 1 3 10 19 31 44 59 71 79 86 95 105 117 131 142 154 165 175 186 202 217 228 238 248 255 259 265 272 279 282 286 293 298 304 315 325 334 341 346 348 347 344 341 335 324 309 293 277 259 244 231 216 201 186 176 181 198 223 248 270 287 305 319 328 332 331 325 316 304 292 281 270 255 245 251 272 299 327 350 367 375 379 381 384 387 390
0 0 0 0 0 0 0 0 0 0 1 4 7 12 22 34 49 65 77 87 98 111 124 136 147 157 168 180 193 207 221 236 249 262 271 276 282 289 296 300 301 304 310 318 325 333 342 348 352 354 351 346 343 336 322 305 289 273 257 242 229 216 203 190 182 186 202 223 246 269 288 306 322 332 337 339 337 332 325 316 307 296 280 262 258 273 300 328 352 368 376 379 381 383 385 388
0 0 0 0 0 0 0 0 0 0 3 8 12 16 19 26 39 53 68 84 98 114 130 144 155 164 172 181 194 208 222 238 256 269 277 281 285 293 299 300 302 306 313 321 329 339 347 353 358 362 361 355 347 338 324 309 296 282 268 255 242 228 214 199 188 189 201 217 238 261 284 304 321 333 339 342 342 341 338 333 327 318 301 281 271 280 303 328 352 368 376 379 381 383 385 389
0 0 0 0 0 0 0 0 0 0 5 13 22 29 28 25 29 40 57 77 96 114 131 147 158 166 173 182 195 207 220 236 253 264 270 273 277 283 288 291 292 295 305 317 328 340 348 356 363 368 372 367 356 344 331 320 308 296 285 272 259 244 227 208 193 195 207 218 231 252 275 298 318 332 339 343 346 347 347 346 342 333 319 300 288 292 308 329 350 366 375 380 382 383 386 390
0 0 0 0 0 0 0 0 0 1 8 20 33 44 43 33 29 32 45 66 89 110 126 139 150 161 169 179 192 202 215 230 246 255 259 258 260 264 270 276 279 288 301 314 327 341 352 359 365 374 381 378 367 355 342 332 322 312 303 292 275 257 237 216 200 202 217 231 240 249 266 289 309 325 336 342 346 349 351 352 349 342 332 320 310 309 317 332 349 362 373 380 383 385 387 391
0 0 0 0 0 0 0 0 0 3 13 29 46 58 59 49 40 37 39 53 77 99 117 129 138 149 160 172 182 194 207 220 233 242 245 244 245 248 255 264 273 286 300 314 328 342 354 362 366 375 386 388 380 368 356 345 337 328 320 308 290 269 247 224 208 207 223 243 257 263 273 288 304 319 331 340 345 349 353 355 354 349 343 338 333 332 336 347 360 370 376 381 384 387 390 396
0 0 0 0 0 0 0 0 2 7 18 36 56 70 72 65 57 51 44 46 63 83 101 115 125 137 149 162 174 186 199 210 219 227 229 231 234 241 249 261 274 287 301 316 331 345 356 363 369 379 392 397 394 385 373 362 352 343 335 322 303 282 259 236 217 213 228 251 272 285 292 299 311 321 330 339 345 350 354 357 358 358 357 354 352 351 354 361 370 377 380 382 385 389 393 400
0 0 0 0 0 0 0 1 5 13 27 45 65 77 80 79 76 69 58 52 57 69 85 100 113 124 136 150 164 178 191 199 207 214 217 221 230 241 249 261 275 290 305 321 337 351 360 364 370 381 397 407 408 401 391 379 370 360 349 335 316 296 273 249 228 221 233 255 280 301 311 317 324 330 337 343 349 354 359 362 366 369 370 369 367 365 365 369 376 381 384 386 388 390 396 403
0 0 0 0 0 0 0 3 8 19 36 55 71 81 86 89 92 89 78 66 61 66 75 87 101 114 126 141 157 171 182 190 197 203 208 217 231 243 253 266 282 297 313 329 344 355 362 365 369 380 399 416 423 417 408 399 387 374 361 345 327 308 286 261 239 231 240 262 288 309 323 329 333 336 341 348 354 360 365 369 373 376 377 377 379 379 376 376 378 382 386 390 393 396 402 408
0 0 0 0 0 1 3 8 16 29 46 62 74 82 89 97 104 105 95 82 76 77 79 82 90 103 119 137 154 167 176 182 189 196 205 218 231 245 258 273 290 306 322 339 353 363 366 368 373 383 402 424 436 433 425 414 400 387 373 357 337 317 296 272 251 241 250 274 297 315 326 333 337 342 347 354 361 367 372 379 384 387 388 391 395 395 392 388 384 385 390 395 402 411 419 421
