c++/data/CristoRedentor/cristoredentor.asc
ncols        1194
nrows        624
xllcorner    6090543.555599999614
yllcorner    7416191.255572864786
cellsize     29.926284338359
NODATA_value 9999
[rows 270 to 323 of 624, columns 768 to 863 of 1194]
0 0 0 0 0 0 0 0 0 0 0 0 0 0 0 0 0 0 0 0 0 0 0 0 0 0 1 6 10 6 1 1 4 7 8 7 6 7 9 10 11 10 9 7 6 5 8 12 13 13 13 13 12 12 11 11 12 12 11 11 13 14 12 12 11 11 9 9 10 9 8 8 8 7 7 7 7 7 7 7 8 8 8 8 6 6 5 6 8 12 18 24 31 39 47 51
0 0 0 0 0 0 0 0 0 0 0 0 0 0 0 0 0 0 0 0 0 0 0 0 0 0 1 1 1 2 3 5 6 8 8 7 6 7 9 11 13 12 10 7 4 3 7 11 11 11 11 12 11 11 11 12 13 12 11 10 12 13 12 11 11 10 8 7 7 7 7 8 8 6 6 6 7 8 7 7 8 9 8 7 7 6 5 7 10 16 25 34 40 46 51 53
0 0 0 0 0 0 0 0 0 0 0 0 0 0 0 0 0 0 0 0 0 0 0 0 0 0 0 0 0 4 8 6 8 9 9 7 6 7 9 11 13 12 10 8 6 4 6 9 10 10 10 11 10 9 10 12 13 12 10 10 12 13 12 11 10 8 7 6 5 5 7 8 9 7 5 5 7 9 9 8 8 8 7 7 7 6 7 9 13 22 30 35 40 46 52 54
0 0 0 0 0 0 0 0 0 0 0 0 0 0 0 0 0 0 0 0 0 0 0 0 0 0 0 0 0 1 3 5 8 9 8 6 5 7 8 10 11 9 8 8 7 5 6 9 11 10 10 11 10 9 11 13 12 11 10 11 13 15 13 10 9 8 7 5 5 6 8 9 10 8 6 6 8 10 10 7 7 7 7 7 6 6 7 11 17 25 30 31 34 40 47 51
0 0 0 0 0 0 0 0 0 0 0 0 0 0 0 0 0 0 0 0 0 0 0 0 0 0 0 0 0 0 0 5 8 9 8 6 6 6 8 9 9 7 7 8 8 6 6 8 10 10 11 11 11 12 12 12 11 10 10 11 13 14 12 9 8 9 9 8 7 8 9 10 10 9 8 8 9 11 10 8 7 7 7 7 7 7 8 11 17 23 27 27 28 34 40 42
0 0 0 0 0 0 0 0 0 0 0 0 0 0 0 0 0 0 0 0 0 0 0 0 0 0 0 0 0 0 0 6 8 9 8 7 7 6 7 8 7 6 7 7 7 6 6 7 9 10 12 13 13 12 12 12 11 10 10 11 12 12 11 9 9 10 12 11 8 8 11 12 11 10 10 10 10 10 10 9 7 7 8 8 8 9 10 11 15 19 22 23 23 27 31 31
0 0 0 0 0 0 0 0 0 0 0 0 0 0 0 0 0 0 0 0 0 0 0 0 0 0 0 0 0 0 0 6 8 8 8 8 7 6 7 8 7 6 7 6 7 7 6 6 7 9 11 13 13 11 11 12 12 11 10 10 11 11 10 9 10 13 17 14 9 10 14 14 12 10 10 10 10 9 8 8 6 6 8 8 9 10 11 11 13 16 18 19 20 24 27 29
0 0 0 0 0 0 0 0 0 0 0 0 0 0 0 0 0 0 0 0 0 0 0 0 0 0 0 0 0 0 0 6 8 7 8 7 7 7 7 8 7 6 6 6 7 8 7 6 6 7 9 11 11 10 10 12 12 11 9 10 11 10 9 9 12 16 17 14 8 10 14 14 11 9 10 10 9 8 7 7 6 7 8 8 9 10 11 12 13 15 16 18 21 26 30 32
0 0 0 0 0 0 0 0 0 0 0 0 0 0 0 0 0 0 0 0 0 0 0 0 0 0 0 0 0 0 0 6 8 8 7 7 7 8 8 7 6 6 6 7 7 8 8 7 7 8 9 10 11 12 11 11 12 11 9 9 10 10 9 10 12 14 14 12 8 8 11 12 9 8 9 10 9 7 6 7 7 8 8 8 9 11 12 13 14 16 18 21 25 33 37 39
0 0 0 0 0 0 0 0 0 0 0 0 0 0 0 0 0 0 0 0 0 0 0 0 0 0 0 0 0 0 0 5 8 9 9 7 7 8 7 6 4 5 7 7 6 7 8 8 8 9 10 11 12 13 13 13 13 11 10 10 11 11 11 12 12 12 10 9 8 7 8 9 8 8 9 10 9 8 8 8 9 9 9 8 10 12 14 15 16 18 23 29 36 42 42 46
0 0 0 0 0 0 0 0 0 0 0 0 0 0 0 0 0 0 0 0 0 0 0 0 0 0 0 0 0 0 0 3 8 10 10 9 9 10 8 5 4 6 8 7 6 6 7 8 9 11 12 12 12 13 15 14 14 13 12 11 12 12 13 13 11 10 9 8 9 8 7 7 8 8 9 9 9 10 10 10 9 9 9 10 12 14 15 16 18 22 30 38 42 43 49 59
0 0 0 0 0 0 0 0 0 0 0 0 0 0 0 0 0 0 0 0 0 0 0 0 0 0 0 0 0 0 0 1 8 10 10 10 11 12 10 7 7 8 9 9 7 5 6 7 10 12 13 13 13 13 14 14 14 14 14 13 13 13 14 14 13 11 8 8 9 9 8 8 9 10 9 9 11 13 11 10 9 9 11 12 12 14 17 19 20 24 31 45 46 42 51 78
0 0 0 0 0 0 0 0 0 0 0 0 0 0 0 0 0 0 0 0 0 0 0 0 0 0 0 0 0 0 0 2 8 9 9 10 12 12 11 9 9 9 9 8 6 5 5 7 9 12 14 16 15 14 13 13 13 14 14 12 12 13 14 14 12 11 11 10 10 11 10 10 10 11 11 10 12 13 11 10 8 9 12 12 12 15 19 21 22 24 34 46 58 80 81 92
0 0 0 0 0 0 0 0 0 0 0 0 0 0 0 0 0 0 0 0 0 0 0 0 0 0 0 0 0 0 0 2 8 8 8 9 11 10 9 8 9 8 6 3 2 4 6 8 7 11 14 16 16 15 13 13 13 14 14 11 11 12 15 14 12 11 12 12 12 12 11 11 12 12 11 11 13 13 11 10 9 10 12 13 13 15 19 21 24 28 37 51 74 87 91 97
0 0 0 0 0 0 0 0 0 0 0 0 0 0 0 0 0 0 0 0 0 0 0 0 0 0 0 0 0 0 0 2 6 7 8 8 8 8 8 11 13 7 2 0 2 5 8 8 10 13 15 14 14 13 13 13 13 15 13 10 10 13 16 15 11 10 11 13 13 12 13 13 13 11 10 11 14 13 12 12 11 10 12 14 15 15 18 20 24 30 37 52 71 84 91 96
0 0 0 0 0 0 0 0 0 0 0 0 0 0 0 0 0 0 0 0 0 0 0 0 0 0 0 0 0 0 0 0 0 0 0 1 2 2 3 5 7 4 1 1 9 10 8 8 9 13 12 10 11 11 12 13 14 14 13 12 13 16 16 15 12 10 11 13 13 12 14 15 12 12 13 16 18 17 15 14 12 11 12 15 17 17 18 20 24 30 35 42 56 75 85 89
0 0 0 0 0 0 0 0 0 0 0 0 0 0 0 0 0 0 0 0 0 0 0 0 0 0 0 0 0 0 0 0 0 0 0 0 0 0 0 0 0 0 0 1 15 13 9 8 8 10 9 8 9 10 12 14 14 14 15 15 18 21 19 16 13 11 11 13 12 13 17 17 15 18 21 25 30 28 21 16 14 12 13 16 18 18 19 21 23 26 31 40 52 64 73 77
0 0 0 0 0 0 0 0 0 0 0 0 0 0 0 0 0 0 0 0 0 0 0 0 0 0 0 0 0 0 0 0 0 0 0 0 0 0 0 0 0 0 0 3 17 15 11 8 7 7 8 9 10 12 14 15 15 17 18 19 22 28 25 20 15 12 13 13 13 16 21 23 26 33 36 36 40 41 28 20 15 13 13 16 19 20 23 24 25 27 29 37 43 49 56 60
0 0 0 0 0 0 0 0 0 0 0 0 0 0 0 0 0 0 0 0 0 0 0 0 0 0 0 0 0 0 0 0 0 0 0 0 0 0 0 0 0 0 0 3 13 13 10 7 7 8 11 13 13 13 14 15 16 20 21 21 26 31 28 23 17 15 16 16 16 19 23 26 30 36 38 39 43 42 35 25 17 13 13 17 23 29 35 40 42 42 39 39 40 41 44 48
0 0 0 0 0 0 0 0 0 0 0 0 0 0 0 0 0 0 0 0 0 0 0 0 0 0 0 0 0 0 0 0 0 0 0 0 0 0 0 0 0 0 0 2 7 8 7 7 7 8 11 14 14 14 14 15 17 20 21 18 21 26 28 23 19 18 18 18 18 19 21 23 24 26 30 32 34 35 33 25 18 14 13 18 29 42 51 57 59 57 52 48 44 39 37 38
0 0 0 0 0 0 0 0 0 0 0 0 0 0 0 0 0 0 0 0 0 0 0 0 0 0 0 0 0 0 0 0 0 0 0 0 0 0 0 0 0 0 1 4 4 3 4 5 6 7 10 13 14 13 15 18 19 19 22 19 19 29 30 23 18 18 17 17 17 17 16 16 16 17 20 23 26 26 25 21 18 15 14 20 34 47 58 64 65 64 60 54 46 37 32 32
0 0 0 0 0 0 0 0 0 0 0 0 0 0 0 0 0 0 0 0 0 0 0 0 0 0 0 0 0 0 0 0 0 0 0 0 0 0 0 0 0 0 2 3 3 3 3 5 7 8 11 13 14 13 15 20 18 16 18 20 26 33 32 25 20 18 16 15 17 16 13 12 9 9 12 15 18 18 18 18 18 16 14 22 37 51 59 65 67 64 58 51 42 35 32 32
0 0 0 0 0 0 0 0 0 0 0 0 0 0 0 0 0 0 0 0 0 0 0 0 0 0 0 0 0 0 0 0 0 0 0 0 0 0 0 0 0 2 4 3 4 3 2 5 10 11 13 15 16 14 15 20 22 19 20 21 26 32 35 32 28 25 20 17 18 17 14 13 10 8 10 13 15 15 15 17 18 17 15 21 33 44 51 57 59 58 53 45 37 33 31 30
0 0 0 0 0 0 0 0 0 0 0 0 0 0 0 0 0 0 0 0 0 0 0 0 0 0 0 0 0 0 0 0 0 0 0 0 0 0 0 1 3 4 4 4 4 3 3 8 14 15 15 17 18 16 16 22 27 27 25 26 26 30 36 38 38 33 25 20 18 18 15 15 13 11 12 13 15 14 15 17 19 18 19 23 30 38 41 43 47 51 49 43 36 32 30 29
0 0 0 0 0 0 0 0 0 0 0 0 0 0 0 0 0 0 0 0 0 0 0 0 0 0 0 0 0 0 0 0 0 0 0 0 0 0 0 2 6 8 5 4 4 4 4 9 16 17 15 16 16 16 17 22 28 32 31 29 28 30 35 38 38 34 25 20 18 17 15 12 13 13 12 12 14 15 16 17 17 18 21 25 29 32 34 37 44 48 48 45 41 36 31 29
0 0 0 0 0 0 0 0 0 0 0 0 0 0 0 0 0 0 0 0 0 0 0 0 0 0 0 0 0 0 0 0 0 0 1 -1 -3 -1 1 5 9 6 3 4 5 5 5 9 13 13 12 12 14 16 18 20 25 30 30 27 27 28 30 31 31 29 22 18 18 17 14 12 14 16 14 13 13 15 16 16 15 17 22 23 25 30 36 41 49 52 51 50 48 42 35 30
0 0 0 0 0 0 0 0 0 0 0 0 0 0 0 0 0 0 0 0 0 0 0 0 0 0 0 0 0 0 0 0 1 1 -2 -8 -10 -5 3 10 10 6 3 4 6 6 6 9 10 10 9 11 13 16 20 21 24 27 25 24 24 24 24 23 25 23 16 13 16 15 13 14 17 18 17 15 14 14 15 15 14 16 18 19 21 26 35 44 54 56 55 54 50 45 37 29
0 0 0 0 0 0 0 0 0 0 0 0 0 0 0 0 0 0 0 0 0 0 0 0 0 0 0 0 0 1 3 1 2 1 -5 -10 -8 -2 6 10 10 5 2 2 5 6 8 9 10 10 10 11 12 17 23 25 26 25 23 23 23 22 22 21 23 22 18 16 15 15 13 14 16 18 18 17 16 15 15 15 14 15 16 18 20 23 29 40 53 55 54 53 49 44 36 27
0 0 0 0 0 0 0 0 0 0 0 0 0 0 0 0 0 0 0 0 0 0 0 0 0 0 0 0 2 6 5 2 3 3 -1 -2 -4 -1 5 8 8 4 0 0 3 6 8 9 9 10 10 10 11 16 25 30 28 25 24 24 25 23 24 24 26 26 27 23 20 19 15 13 15 16 17 19 18 16 15 15 15 15 15 17 19 21 26 33 44 49 49 47 43 38 31 25
0 0 0 0 0 0 0 0 0 0 0 0 0 0 0 0 0 0 0 0 0 0 0 0 0 0 0 2 6 8 6 4 4 7 5 2 -1 -1 2 4 8 5 1 1 3 6 7 8 9 9 8 7 9 16 25 30 28 27 26 27 27 25 27 27 28 31 35 33 28 21 15 13 15 15 16 20 21 18 14 13 13 13 14 15 19 21 23 25 32 38 40 39 34 30 25 22
0 0 0 0 0 0 0 0 0 0 0 0 0 0 0 0 0 0 0 0 0 1 1 2 5 6 5 5 5 6 6 5 5 7 6 5 4 2 1 3 6 7 6 5 5 6 6 9 11 11 9 6 8 15 19 24 25 26 28 28 28 27 26 26 29 37 40 36 30 22 15 15 17 16 17 22 22 17 13 11 12 13 14 17 20 22 21 21 23 26 31 31 28 26 24 23
0 0 0 0 0 0 0 0 0 0 0 0 0 0 0 0 0 0 0 2 3 8 9 9 7 6 5 5 4 5 6 6 5 6 5 6 7 6 5 3 4 7 9 9 9 7 7 10 14 15 14 12 11 11 15 21 22 24 27 26 26 25 24 27 31 38 38 35 30 23 18 18 20 23 24 26 23 16 12 11 13 14 16 19 22 22 21 19 19 22 25 27 26 25 26 25
0 0 0 0 0 0 0 0 0 0 0 0 0 0 0 0 2 2 3 9 9 11 12 11 9 6 5 6 5 5 6 5 5 5 5 5 8 9 8 5 5 7 10 12 13 12 12 13 16 17 16 16 14 10 14 20 20 21 22 21 20 21 24 30 33 35 34 33 30 25 21 20 24 31 34 32 25 16 14 14 15 15 17 21 21 20 20 17 17 20 23 24 25 26 25 24
0 0 0 0 0 0 0 0 0 0 0 0 4 3 3 4 6 7 9 10 10 11 12 10 7 6 6 6 5 5 5 4 3 4 3 3 8 15 14 11 10 10 15 20 21 19 17 18 18 17 15 16 14 11 12 17 16 14 15 15 15 17 22 26 30 32 33 32 31 28 25 24 30 37 40 37 29 26 23 23 21 17 18 19 19 17 17 17 19 21 23 24 24 25 25 24
0 0 0 0 0 0 0 0 0 6 6 5 7 7 7 8 8 9 10 11 10 9 7 6 5 6 6 6 6 6 5 3 3 4 4 4 13 21 22 19 17 17 24 31 28 23 22 22 21 18 15 14 14 12 11 13 9 7 9 12 13 15 18 21 24 26 30 34 35 32 30 31 35 44 47 46 43 39 33 34 28 22 20 20 18 16 15 18 21 24 26 25 24 24 24 26
0 0 0 0 0 0 0 0 7 10 10 8 9 9 8 9 10 10 11 10 8 6 4 5 6 8 8 7 7 7 7 5 5 6 6 8 16 25 28 26 22 21 31 40 34 23 22 24 22 18 13 12 14 14 14 13 8 5 6 11 13 14 15 16 16 19 25 33 37 37 35 36 41 50 55 57 57 51 46 47 40 29 25 23 19 15 15 19 23 26 27 28 26 27 28 29
0 0 0 0 0 0 0 7 11 13 12 10 10 10 10 11 11 11 9 8 6 4 5 6 8 10 10 10 8 6 8 7 7 8 10 13 19 27 30 28 24 25 33 41 35 22 18 21 19 12 10 11 16 19 22 19 13 8 8 12 15 15 15 15 15 17 23 30 36 38 39 42 52 61 66 71 70 68 64 58 49 40 34 29 21 15 16 20 23 27 33 35 34 35 36 34
0 0 0 0 0 0 0 8 10 12 12 10 9 10 11 12 11 10 9 7 5 5 6 7 9 9 9 12 11 8 8 8 9 10 15 19 23 28 31 29 28 32 35 37 31 19 14 16 14 9 9 13 16 21 24 22 17 13 12 17 21 20 18 18 20 23 27 32 34 37 43 53 63 74 81 83 80 76 74 67 56 46 41 33 22 16 18 22 24 29 36 39 40 42 42 39
0 0 0 0 0 0 0 7 9 10 11 9 8 9 11 11 10 9 7 6 5 6 7 8 9 7 7 14 17 14 10 8 10 13 16 19 21 25 30 30 33 37 38 33 25 21 15 12 10 8 10 12 14 17 20 21 21 18 18 22 26 26 27 29 32 36 36 38 37 41 51 65 75 85 92 92 90 90 85 73 60 50 43 33 23 18 20 21 24 29 35 37 42 47 47 43
0 0 0 0 0 0 1 6 8 10 10 8 7 9 10 9 8 8 7 7 6 6 7 9 10 8 8 15 20 19 14 11 12 13 14 16 17 21 26 28 32 36 36 30 27 24 20 12 9 8 10 11 12 13 17 22 26 27 29 33 34 32 34 41 48 49 47 47 46 48 60 76 86 94 101 101 98 94 89 79 67 56 45 34 25 21 21 21 22 25 33 37 42 49 51 48
0 0 0 0 0 0 1 6 8 9 9 8 7 9 10 9 8 8 8 7 7 6 7 9 10 9 10 14 18 20 18 15 14 13 14 15 14 17 20 22 26 29 28 25 23 24 18 12 10 11 12 13 14 15 19 25 33 38 42 43 40 36 43 55 61 58 56 54 53 55 68 84 94 98 100 98 95 91 87 79 68 57 45 33 25 18 14 16 17 22 28 36 46 53 55 53
0 0 0 0 0 0 2 7 8 8 8 7 8 10 11 10 8 6 7 8 7 6 7 8 9 9 9 12 16 19 18 15 13 13 16 16 14 14 16 17 19 21 21 20 20 19 18 14 13 13 16 18 20 21 23 30 40 49 54 56 56 55 62 70 71 66 62 59 58 61 71 85 92 95 94 92 89 86 82 72 60 50 41 32 23 14 11 14 18 22 27 38 49 56 57 56
0 0 0 0 0 1 5 8 8 8 7 6 8 11 11 9 7 7 8 9 8 7 8 8 9 9 10 11 13 16 15 14 13 15 20 19 15 13 13 13 15 17 18 18 21 23 22 19 14 15 19 23 25 28 30 38 52 62 64 70 74 76 74 78 78 74 68 63 62 67 76 83 87 89 87 85 81 78 72 61 50 42 36 29 22 15 12 17 21 25 30 39 48 53 55 54
0 0 0 0 0 2 7 9 10 8 7 6 8 10 9 7 7 8 9 10 9 8 8 9 10 10 11 11 12 13 14 15 14 16 23 22 16 13 12 12 13 18 22 26 29 29 25 20 16 18 22 26 32 38 41 48 59 67 70 74 82 81 79 80 80 77 71 67 65 69 76 80 81 79 76 74 73 70 63 51 42 34 28 24 22 16 14 18 21 23 29 38 44 47 48 46
0 0 0 0 0 3 8 10 11 10 8 6 7 9 7 7 6 7 8 9 9 8 8 10 11 11 11 11 12 16 17 15 14 13 19 20 17 14 13 14 16 24 31 40 43 38 31 24 22 22 26 32 39 47 52 56 67 75 75 79 81 79 79 80 80 76 71 66 62 62 68 73 71 68 66 65 65 63 56 45 36 29 24 23 22 17 14 15 17 20 23 30 38 40 39 36
0 0 0 0 0 4 8 11 12 12 10 8 6 7 7 7 6 6 7 8 8 8 9 11 12 12 12 11 13 17 18 16 15 13 15 18 19 18 18 20 23 27 34 42 45 43 37 32 31 28 30 36 43 51 58 64 69 73 73 73 72 73 75 77 77 73 67 62 58 57 61 61 58 57 56 53 51 50 45 38 31 25 20 20 20 16 13 13 15 18 21 26 31 32 30 28
0 0 0 0 0 4 8 9 10 11 10 8 5 4 5 8 7 6 6 7 8 9 10 11 12 12 12 11 11 14 15 17 15 14 16 20 23 24 26 28 26 25 25 32 39 40 39 39 38 34 33 37 40 51 63 65 67 66 61 60 62 64 67 71 72 69 63 57 53 52 54 52 49 48 45 41 38 36 34 29 25 21 18 17 17 13 12 12 14 17 21 23 23 23 22 22
0 0 0 0 0 4 7 7 7 7 8 8 5 2 3 6 7 6 6 7 8 9 10 12 13 14 13 11 10 11 15 17 16 15 20 26 31 33 35 35 29 22 20 23 32 39 43 45 43 38 36 35 34 46 57 59 59 51 46 48 53 55 60 64 65 63 60 53 50 50 48 46 44 42 38 34 32 30 27 23 21 18 16 15 14 13 12 13 15 17 20 19 17 16 15 16
0 0 0 0 2 5 6 6 5 6 8 8 6 3 4 7 8 7 7 8 9 10 11 12 13 15 15 15 15 15 15 16 15 16 22 31 35 38 36 33 29 24 19 22 30 38 47 47 42 39 38 34 31 33 42 45 41 36 34 39 44 48 52 55 58 59 57 54 54 55 52 46 43 40 35 32 30 27 23 21 19 18 17 16 16 15 14 15 16 17 19 18 15 13 13 16
0 0 0 0 4 5 5 6 6 7 8 8 7 7 7 9 10 8 8 9 10 10 10 12 16 19 21 22 24 22 16 14 14 15 20 28 33 33 30 27 27 24 20 22 29 35 42 42 40 37 36 33 32 34 32 27 28 29 31 33 38 43 46 47 51 55 56 57 61 59 54 48 43 40 34 30 28 24 20 19 19 19 21 20 18 17 16 17 18 18 19 20 17 14 15 18
0 0 0 0 4 5 6 6 6 8 9 9 9 10 12 15 16 14 12 12 11 9 9 13 19 24 27 27 29 25 17 13 13 13 15 22 27 27 25 23 26 26 24 25 30 33 35 37 38 36 34 33 33 30 24 23 25 30 32 33 37 43 46 47 49 54 56 63 66 63 57 51 45 38 31 26 24 21 18 18 18 21 24 24 20 19 19 21 20 19 20 21 18 15 14 18
0 0 0 4 6 7 8 8 8 10 11 10 10 14 22 27 26 22 17 15 12 9 9 14 21 27 32 33 31 26 20 14 13 12 13 17 21 23 22 23 27 30 29 29 31 29 30 33 34 34 31 30 28 24 20 21 25 32 35 35 40 49 55 57 58 60 61 63 67 66 60 50 41 33 26 22 20 18 17 17 16 16 22 25 24 23 24 24 22 20 20 20 18 14 13 15
0 0 0 8 7 9 9 9 10 12 14 15 17 24 33 38 37 31 24 20 17 14 14 17 23 30 37 38 33 26 20 15 13 11 12 15 18 19 19 20 26 31 31 30 29 26 26 28 28 29 26 23 20 18 19 20 25 31 37 40 47 59 67 67 67 69 68 66 67 63 53 40 34 27 20 17 15 14 16 19 17 17 22 26 23 20 22 24 23 20 19 21 20 17 14 13
0 0 5 7 7 10 11 12 13 14 19 23 28 35 41 45 45 40 34 31 27 22 20 20 23 32 38 40 35 26 18 14 13 12 13 16 18 20 19 19 24 30 30 30 29 25 22 22 21 19 20 22 22 19 19 21 26 33 40 47 55 67 73 73 74 74 69 66 61 54 45 33 27 23 17 12 10 11 16 21 20 19 19 20 15 14 18 24 23 19 17 20 20 18 15 13
