c++/data/CristoRedentor/cristoredentor.asc
ncols        1194
nrows        624
xllcorner    6090543.555599999614
yllcorner    7416191.255572864786
cellsize     29.926284338359
NODATA_value 9999
[rows 432 to 485 of 624, columns 768 to 863 of 1194]
0 0 0 0 0 0 0 0 0 0 0 0 0 0 0 0 0 0 0 0 0 0 0 0 0 0 0 0 0 4 6 4 4 3 8 13 22 34 38 40 45 46 43 43 48 55 62 67 72 75 76 78 79 76 71 60 47 36 25 19 13 3 0 0 0 0 5 12 15 23 32 38 38 33 23 16 13 9 8 0 0 0 0 0 0 0 0 0 0 0 0 0 0 0 0 0
0 0 0 0 0 0 0 0 0 0 0 0 0 0 0 0 0 0 0 0 0 0 0 0 0 0 0 0 3 6 12 16 24 21 35 46 61 77 67 61 66 65 61 62 66 70 74 77 82 85 87 91 93 90 81 68 58 44 28 19 12 6 1 0 1 1 8 17 22 30 35 37 34 27 17 13 8 5 3 0 0 0 0 0 0 0 0 0 0 0 0 0 0 0 0 0
0 0 0 0 0 0 0 0 0 0 0 0 0 0 0 0 0 0 0 0 0 0 0 0 0 0 0 0 1 17 33 43 57 56 76 93 99 100 101 96 95 90 83 81 82 84 85 85 88 92 96 99 99 96 83 71 59 46 30 18 11 6 3 2 4 9 16 23 27 31 33 30 24 17 12 10 5 1 0 0 0 0 0 0 0 0 0 0 0 0 0 0 0 0 0 0
0 0 0 0 0 0 0 0 0 0 0 0 0 0 0 0 0 0 0 0 0 0 0 0 0 0 0 0 33 52 70 76 85 93 108 114 115 116 118 119 116 109 103 99 97 95 95 94 94 98 101 102 103 100 87 71 58 44 29 16 10 7 4 4 6 11 19 23 25 26 25 20 15 10 8 7 5 1 0 0 0 0 0 0 0 0 0 0 0 0 0 0 0 0 0 0
0 0 0 0 0 0 0 0 0 0 0 0 0 0 0 0 0 0 0 0 0 0 0 0 0 0 16 29 58 76 92 101 113 123 134 137 139 139 136 135 133 128 121 115 110 107 104 102 101 103 107 106 108 105 91 72 55 42 26 14 9 7 6 6 9 13 17 19 20 20 16 11 10 7 5 6 7 0 0 0 0 0 0 0 0 0 0 0 0 0 0 0 0 0 0 0
0 0 0 0 0 0 0 0 0 0 0 0 0 0 0 0 0 0 0 0 0 0 0 0 0 11 23 41 64 81 99 123 142 151 158 166 167 161 156 152 152 147 139 131 127 123 118 114 111 111 112 109 108 103 90 71 54 40 26 15 10 8 7 7 9 11 11 13 14 14 10 6 6 5 4 7 7 0 0 0 0 0 0 0 0 0 0 0 0 0 0 0 0 0 0 0
0 0 0 0 0 0 0 0 0 0 0 0 0 0 0 0 0 0 0 0 0 0 0 0 0 3 22 36 56 79 105 136 155 166 177 189 191 184 177 172 170 163 155 149 145 142 135 130 123 118 113 108 104 96 84 68 52 39 26 17 13 12 10 12 12 9 8 8 10 9 7 5 5 3 3 5 5 0 0 0 0 0 0 0 0 0 0 0 0 0 0 0 0 0 0 0
0 0 0 0 0 0 0 0 0 0 0 0 0 0 0 0 0 0 0 0 0 0 0 0 0 0 9 33 49 72 101 129 148 163 185 211 217 210 204 197 188 177 170 164 160 158 150 140 132 123 115 107 100 90 79 66 52 39 27 18 16 16 16 18 17 13 8 8 8 7 6 6 5 4 3 1 0 0 0 0 0 0 0 0 0 0 0 0 0 0 0 0 0 0 0 0
0 0 0 0 0 0 0 0 0 0 0 0 0 0 0 0 0 0 0 0 0 0 0 0 0 0 4 29 42 59 83 105 120 135 154 184 216 233 237 228 209 202 196 184 175 167 160 149 138 129 118 107 98 86 76 65 54 42 30 21 19 19 19 24 24 16 10 9 8 7 7 7 6 5 3 1 0 0 0 0 0 0 0 0 0 0 0 0 0 0 0 0 0 0 0 0
0 0 0 0 0 0 0 0 0 0 0 0 0 0 0 0 0 0 0 0 0 0 0 0 0 0 2 14 27 40 58 73 87 107 129 158 195 217 232 245 236 235 226 211 192 177 168 156 142 132 121 109 98 87 77 68 56 45 35 25 22 23 26 31 25 17 11 8 7 7 7 6 6 5 2 0 0 0 0 0 0 0 0 0 0 0 0 0 0 0 0 0 0 0 0 0
0 0 0 0 0 0 0 0 0 0 0 0 0 0 0 0 0 0 0 0 0 0 0 0 0 0 0 5 15 26 43 55 68 89 113 133 149 181 198 217 239 245 235 223 203 189 176 161 145 134 123 110 99 89 81 71 58 48 40 33 30 32 36 36 26 17 11 8 8 7 6 5 5 5 2 0 0 0 0 0 0 0 0 0 0 0 0 0 0 0 0 0 0 0 0 0
0 0 0 0 0 0 0 0 0 0 0 0 0 0 0 0 0 0 0 0 0 0 0 0 0 0 0 6 14 20 34 47 59 76 100 119 126 147 171 186 213 227 228 219 205 195 182 163 147 134 122 110 100 92 84 74 59 51 47 45 44 42 43 39 29 19 12 10 9 8 7 6 6 8 3 0 0 0 0 0 0 0 0 0 0 0 0 0 0 0 0 0 0 0 0 0
0 0 0 0 0 0 0 0 0 0 0 0 0 0 0 0 0 0 0 0 0 0 0 0 0 0 0 8 15 20 32 44 54 65 82 98 111 128 152 171 190 206 218 212 203 197 182 162 146 134 122 113 106 97 89 79 65 58 53 54 55 53 51 46 35 21 14 11 10 8 8 7 8 10 3 0 0 0 0 0 0 0 0 0 0 0 0 0 0 0 0 0 0 0 0 0
0 0 0 0 0 0 0 0 0 0 0 0 0 0 0 0 0 0 0 0 0 0 0 0 0 0 0 8 15 23 37 50 59 69 78 89 100 115 134 155 172 184 195 194 191 189 176 160 149 139 128 120 115 107 98 87 77 68 61 62 63 60 58 51 39 24 16 13 10 8 7 8 9 13 2 0 0 0 0 0 0 0 0 0 0 0 0 0 0 0 0 0 0 0 1 1
0 0 0 0 0 0 0 0 0 0 0 0 0 0 0 0 0 0 0 0 0 0 0 0 0 0 4 12 17 28 46 60 69 74 83 90 100 112 126 141 153 162 170 178 183 181 175 167 158 149 139 132 124 117 106 95 87 75 66 67 67 63 58 51 38 24 16 13 11 8 7 7 8 11 1 0 0 0 0 0 0 0 0 0 0 0 0 0 0 0 0 0 1 1 1 1
0 0 0 0 0 0 0 0 0 0 0 0 0 0 0 0 0 0 0 0 0 0 0 0 0 0 13 19 24 34 47 61 69 80 92 102 111 121 131 139 147 153 159 170 179 182 180 174 166 158 149 141 132 124 113 98 88 74 66 66 65 60 55 48 34 20 14 13 11 9 7 7 7 8 0 0 0 0 0 0 0 0 0 0 0 1 1 0 0 0 0 0 1 2 2 2
0 0 0 0 0 0 0 0 0 0 0 0 0 0 0 0 0 0 0 0 0 0 0 0 0 4 13 20 29 39 47 61 70 80 97 112 124 133 141 147 150 153 160 170 179 184 184 179 171 163 153 145 134 122 111 93 79 66 60 59 56 53 49 40 26 15 11 12 11 9 8 9 8 7 3 0 0 0 0 0 0 0 0 2 3 8 11 10 2 0 0 0 2 3 3 2
0 0 0 0 0 0 0 0 0 0 0 0 0 0 0 0 0 0 0 0 0 0 0 0 6 16 21 29 39 46 53 64 74 86 103 119 132 143 150 156 159 161 166 174 180 184 185 180 171 162 152 141 127 112 98 82 67 57 50 49 49 46 38 27 18 11 8 10 10 9 9 9 8 6 5 6 5 0 0 0 2 4 4 11 18 18 18 15 8 5 5 4 4 5 5 3
0 0 0 0 0 0 0 0 0 0 0 0 0 0 0 0 0 0 0 3 1 0 0 8 22 29 37 47 57 59 63 75 87 102 115 128 139 151 160 168 173 173 177 184 184 183 182 178 168 158 146 130 114 99 83 68 54 45 40 40 38 32 23 14 10 8 7 7 8 8 8 7 6 5 6 6 6 4 5 6 10 15 19 22 25 26 25 19 12 9 9 6 5 6 6 4
0 0 0 0 0 0 0 0 0 0 0 0 0 0 0 0 0 0 3 10 12 11 12 26 36 44 54 63 71 76 84 94 107 119 128 138 152 165 176 186 191 191 195 195 189 182 176 171 163 152 137 119 106 90 68 56 47 38 30 26 26 21 13 8 7 7 6 6 7 7 7 7 6 5 5 6 6 8 13 18 20 20 25 31 33 33 29 21 14 10 6 4 5 6 7 5
0 0 0 0 0 0 0 0 0 0 0 0 0 0 0 0 6 10 13 19 24 29 33 39 48 56 64 73 82 89 98 108 120 129 136 167 183 187 197 207 213 210 207 200 190 183 172 165 157 143 126 112 98 78 58 48 38 27 17 15 17 15 11 8 7 7 7 6 7 8 9 9 8 7 7 9 12 14 21 28 28 29 34 38 39 36 30 22 14 8 4 3 6 7 7 5
13 8 12 13 0 0 0 0 0 0 0 0 0 0 0 8 15 18 22 27 32 39 45 52 58 64 72 84 96 101 109 118 120 124 135 184 204 200 209 223 227 221 208 193 185 180 168 158 148 131 116 103 88 67 48 36 26 17 11 9 12 13 10 8 8 8 7 7 8 9 10 10 10 10 12 18 24 27 32 37 37 38 42 43 43 40 31 21 11 6 4 4 7 8 7 6
19 19 21 23 14 8 4 3 4 4 3 1 0 10 14 16 21 24 30 36 42 50 57 63 70 76 87 104 110 113 114 116 116 121 132 154 182 198 202 218 217 217 188 175 176 172 156 142 131 115 102 91 76 54 36 25 16 11 10 9 11 13 11 8 8 8 8 8 8 9 9 10 11 14 20 28 35 39 43 46 46 49 51 52 52 47 34 20 9 5 5 5 6 8 8 8
21 22 23 25 24 16 9 9 13 18 21 21 22 21 20 22 27 31 37 45 54 62 68 74 80 86 96 105 109 111 111 114 121 124 123 136 160 177 183 182 187 183 170 164 164 149 123 113 104 93 81 69 57 41 27 16 9 10 12 11 11 14 12 10 8 8 8 8 8 7 8 10 13 17 25 34 42 48 51 53 56 63 70 69 63 52 35 18 8 6 5 5 6 8 10 10
20 22 23 24 22 17 11 9 13 20 24 25 27 28 27 31 35 39 46 55 64 70 75 78 83 86 91 96 97 96 99 106 114 114 101 86 99 136 158 162 156 150 126 145 129 101 84 79 74 67 58 50 45 35 20 9 3 8 12 10 11 13 12 11 10 10 10 9 9 8 9 11 14 18 26 36 45 53 60 64 71 81 84 76 63 50 33 16 7 6 6 5 6 9 11 11
20 21 23 23 22 19 16 16 20 26 31 32 33 36 36 40 44 48 55 61 66 70 72 74 76 76 73 76 82 84 86 90 92 93 59 6 0 76 97 101 101 92 89 93 80 64 58 55 50 45 41 38 38 28 17 3 1 6 10 8 9 11 12 12 12 12 11 10 11 11 11 13 15 20 27 37 45 56 69 78 84 89 84 72 56 43 28 13 7 6 5 5 6 8 11 13
20 21 22 23 22 22 20 20 25 29 33 36 40 43 44 45 48 53 56 59 59 59 61 64 64 60 57 61 69 73 74 74 71 53 4 0 0 0 3 15 43 45 56 57 51 46 44 41 35 29 25 25 25 16 4 0 0 2 4 4 5 10 12 13 13 12 12 13 13 14 16 19 22 26 32 38 45 58 71 82 88 87 79 67 51 36 22 12 7 6 6 5 6 10 16 19
11 18 21 21 20 20 17 15 22 28 33 36 40 45 46 44 46 47 49 50 49 48 50 50 47 43 45 50 55 59 39 37 37 2 0 0 0 0 0 1 7 15 35 42 36 33 32 29 23 17 12 10 3 2 0 0 0 0 0 0 2 9 10 11 12 13 15 17 19 24 29 33 36 37 39 43 49 60 70 82 89 87 75 61 46 31 18 10 8 7 7 6 8 12 18 22
3 8 11 15 14 12 11 11 18 26 29 30 34 38 39 37 38 37 38 37 34 35 36 35 32 28 33 39 25 25 3 0 0 0 0 0 0 0 0 0 0 3 19 29 23 21 19 16 13 8 1 0 0 0 0 0 0 0 0 0 2 7 10 10 12 16 22 27 34 42 47 49 49 49 49 53 61 68 77 88 93 86 70 54 40 26 16 10 8 8 8 7 9 12 16 20
0 0 0 7 3 0 7 9 13 19 22 23 24 27 28 27 25 22 22 13 0 0 1 3 5 6 9 14 2 0 0 0 0 0 0 0 0 0 0 0 0 0 10 16 12 10 7 5 5 1 0 0 0 0 0 0 0 0 0 0 0 4 9 9 13 22 33 43 52 59 63 62 61 61 64 71 76 82 88 92 89 77 60 45 31 20 13 11 10 9 8 8 8 10 14 18
0 0 0 0 0 0 0 0 1 3 5 6 7 10 12 12 9 4 0 0 0 0 0 0 0 0 0 0 0 0 0 0 0 0 0 0 0 0 0 0 0 0 4 6 2 0 0 1 0 0 0 0 0 0 0 0 0 0 0 0 0 0 3 7 12 25 38 50 61 69 75 75 76 77 82 89 92 92 92 89 80 64 48 35 24 15 12 13 14 12 10 11 12 13 16 20
0 0 0 0 0 0 0 0 0 0 0 0 0 0 0 0 0 0 0 0 0 0 0 0 0 0 0 0 0 0 0 0 0 0 0 0 0 0 0 0 0 0 0 0 0 0 0 0 0 0 0 0 0 0 0 0 0 0 0 0 0 0 4 9 14 25 39 53 67 77 86 91 94 96 101 107 106 103 97 87 72 54 40 30 19 13 12 14 16 15 15 17 18 18 21 25
0 0 0 0 0 0 0 0 0 0 0 0 0 0 0 0 0 0 0 0 0 0 0 0 0 0 0 0 0 0 0 0 0 0 0 0 0 0 0 0 0 0 0 0 0 0 0 0 0 0 0 0 0 0 0 0 0 0 0 0 0 0 4 9 15 26 43 58 73 85 96 104 108 111 116 119 115 108 97 82 65 47 35 26 17 11 11 14 17 18 20 21 21 25 31 35
0 0 0 0 0 0 0 0 0 0 0 0 0 0 0 0 0 0 0 0 0 0 0 0 0 0 0 0 0 0 0 0 0 0 0 0 0 0 0 0 0 0 0 0 0 0 0 0 0 0 0 0 0 0 0 0 0 0 0 0 0 0 4 10 20 33 48 62 78 91 103 113 119 123 126 122 114 102 90 74 58 43 31 24 16 11 10 14 17 20 22 23 26 34 43 50
0 0 0 0 0 0 0 0 0 0 0 0 0 0 0 0 0 0 0 0 0 0 0 0 0 0 0 0 0 0 0 0 0 0 0 0 0 0 0 0 0 0 0 0 0 0 0 0 0 0 0 0 0 0 0 0 0 0 0 0 4 4 8 19 31 44 55 66 82 95 106 115 121 125 126 121 107 90 79 65 52 40 30 22 16 11 9 12 17 21 24 25 32 43 53 61
0 0 0 0 0 0 0 0 0 0 0 0 0 0 0 0 0 0 0 0 0 0 0 0 0 0 0 0 0 0 0 0 0 0 0 0 0 0 0 0 0 0 0 0 0 0 0 0 0 0 0 0 0 0 0 0 0 0 0 0 4 9 18 31 43 56 64 73 84 93 101 107 111 115 117 111 94 78 68 56 44 36 28 19 14 10 8 11 17 24 27 31 42 52 61 70
0 0 0 0 0 0 0 0 0 0 0 0 0 0 0 0 0 0 0 0 0 0 0 0 0 0 0 0 0 0 0 0 0 0 0 0 0 0 0 0 0 0 0 0 0 0 0 0 0 0 0 0 0 0 0 0 0 0 0 0 3 13 24 38 51 65 71 77 84 87 90 94 98 100 102 96 83 69 58 47 36 29 24 17 13 12 10 11 17 26 33 40 51 61 72 85
0 0 0 0 0 0 0 0 0 0 0 0 0 0 0 0 0 0 0 0 0 0 0 0 0 0 0 0 0 0 0 0 0 0 0 0 0 0 0 0 0 0 0 0 0 0 0 0 0 0 0 0 0 0 0 0 0 0 0 0 5 13 24 36 49 63 69 73 76 77 79 82 87 89 87 81 72 62 53 40 30 25 21 16 15 16 15 17 23 33 44 54 64 74 85 99
0 0 0 0 0 0 0 0 0 0 0 0 0 0 0 0 0 0 0 0 0 0 0 0 0 0 0 0 0 0 0 0 0 0 0 0 0 0 0 0 0 0 0 0 0 0 0 0 0 0 0 0 0 0 0 0 0 0 0 0 4 13 23 31 42 53 60 62 65 66 69 71 74 76 75 73 67 60 52 40 32 26 23 21 21 26 29 33 42 51 60 70 79 86 98 111
0 0 0 0 0 0 0 0 0 0 0 0 0 0 0 0 0 0 0 0 0 0 0 0 0 0 0 0 0 0 0 0 0 0 0 0 0 0 0 0 0 0 0 0 0 0 0 0 0 0 0 0 0 0 0 0 0 0 0 5 6 12 19 25 34 43 50 53 56 58 60 61 64 67 69 71 71 64 56 48 40 34 31 34 41 51 60 67 73 77 81 88 93 98 109 121
0 0 0 0 0 0 0 0 0 0 0 0 0 0 0 0 0 0 0 0 0 0 0 0 0 0 0 0 0 0 0 0 0 0 0 0 0 0 0 0 0 0 0 0 0 0 0 0 0 0 0 0 0 0 0 0 0 0 0 2 7 9 14 19 27 36 42 46 49 52 54 57 60 64 69 77 79 73 65 58 51 47 46 52 62 72 80 86 92 96 99 104 108 114 122 133
0 0 0 0 0 0 0 0 0 0 0 0 0 0 0 0 0 0 0 0 0 0 0 0 0 0 0 0 0 0 0 0 0 0 0 0 0 0 0 0 0 0 0 0 0 0 0 0 0 0 0 0 0 0 0 0 0 0 0 1 6 7 11 18 25 32 37 41 46 52 55 58 61 68 77 85 88 83 75 67 60 58 61 69 79 89 97 104 110 113 115 119 124 130 138 146
0 0 0 0 0 0 0 0 0 0 0 0 0 0 0 0 0 0 0 0 0 0 0 0 0 0 0 0 0 0 0 0 0 0 0 0 0 0 0 0 0 0 0 0 0 0 0 0 0 0 0 0 0 0 0 0 0 0 2 5 7 9 15 22 29 34 39 46 53 59 62 68 75 81 91 95 94 89 82 74 67 66 72 83 93 105 115 122 126 129 131 134 139 146 154 161
0 0 0 0 0 0 0 0 0 0 0 0 0 0 0 0 0 0 0 0 0 0 0 0 0 0 0 0 0 0 0 0 0 0 0 0 0 0 0 0 0 0 0 0 0 0 0 0 0 0 0 0 0 0 0 0 0 1 4 10 13 17 24 32 38 42 48 59 67 73 79 86 89 94 100 102 99 93 86 79 76 78 85 96 108 120 129 136 140 144 147 151 156 163 174 180
0 0 0 0 0 0 0 0 0 0 0 0 0 0 0 0 0 0 0 0 0 0 0 0 0 0 0 0 0 0 0 0 0 0 0 0 0 0 0 0 0 0 0 0 0 0 0 0 0 0 0 0 0 0 0 0 1 5 10 18 25 30 37 43 48 52 61 78 85 89 96 100 101 104 107 106 101 95 90 87 86 89 97 108 118 130 141 149 155 160 166 171 175 182 193 199
0 0 0 0 0 0 0 0 0 0 0 0 0 0 0 0 0 0 0 0 0 0 0 0 0 0 0 0 0 0 0 0 0 0 0 0 0 0 0 0 0 0 0 0 0 0 0 0 0 0 0 0 0 0 0 1 5 13 22 31 40 47 53 56 58 67 79 96 101 105 110 112 113 113 110 105 99 95 93 94 95 100 107 115 128 140 152 160 167 175 184 189 194 202 212 218
0 0 0 0 0 0 0 0 0 0 0 0 0 0 0 0 0 0 0 0 0 0 0 0 0 0 0 0 0 0 0 0 0 0 0 0 0 0 0 0 0 0 0 0 0 0 0 0 0 0 0 1 1 1 1 4 12 23 35 45 53 61 68 71 75 86 100 113 118 118 118 117 116 114 107 100 94 92 94 97 102 108 117 127 139 153 162 174 182 192 202 209 216 222 228 236
0 0 0 0 0 0 0 0 0 0 0 0 0 0 0 0 0 0 0 0 0 0 0 0 0 0 0 0 0 0 0 0 0 0 0 0 0 0 0 0 0 0 0 0 0 0 0 1 4 4 5 8 8 9 10 16 25 35 46 56 65 73 82 87 95 109 120 127 126 122 117 114 111 107 100 93 89 89 93 99 105 114 123 135 150 164 179 193 203 215 225 234 241 243 246 256
0 0 0 0 0 0 0 0 0 0 0 0 0 0 0 0 0 0 0 0 0 0 0 0 0 0 0 0 0 0 0 0 0 0 0 0 0 0 0 0 0 0 0 0 0 0 1 5 14 17 17 16 18 24 30 35 42 49 58 67 75 86 97 103 113 126 129 129 123 116 110 105 99 94 90 84 83 87 94 102 108 116 128 144 163 180 194 211 223 236 247 254 257 259 263 271
0 0 0 0 0 0 0 0 0 0 0 0 0 0 0 0 0 0 0 0 0 0 0 0 0 0 0 0 0 0 0 0 0 0 0 0 0 0 0 0 0 0 0 0 0 1 3 10 17 23 27 30 38 48 54 55 58 62 69 77 87 100 110 117 120 124 124 119 110 104 97 88 81 78 76 73 77 88 98 107 115 119 133 154 178 194 205 222 236 246 255 263 267 269 274 283
0 0 0 0 0 0 0 0 0 0 0 0 0 0 0 0 0 0 0 0 0 0 0 0 0 0 0 0 0 0 0 0 0 0 0 0 0 0 0 0 0 0 0 0 0 2 7 12 20 29 39 49 61 67 70 72 71 71 76 85 97 105 112 113 113 113 108 100 92 87 77 67 62 62 62 65 75 89 104 118 119 126 143 165 186 201 214 230 241 250 259 269 274 278 282 289
0 0 0 0 0 0 0 0 0 0 0 0 0 0 0 0 0 0 0 0 0 0 0 0 0 0 0 0 0 0 0 0 0 0 0 0 0 0 0 0 0 0 0 0 0 2 10 19 32 45 58 71 80 85 87 90 83 78 79 87 95 99 100 100 99 95 87 77 70 64 55 49 47 47 50 58 70 86 118 131 134 135 153 174 190 203 220 235 241 248 258 266 269 272 276 280
0 0 0 0 0 0 0 0 0 0 0 0 0 0 0 0 0 0 0 0 0 0 0 0 0 0 0 0 0 0 0 0 0 0 0 0 0 0 0 0 0 0 0 0 0 4 14 26 43 60 73 84 92 97 99 98 88 80 78 80 83 85 83 81 78 73 65 57 49 44 39 35 34 36 41 51 66 84 104 129 140 146 160 176 188 200 215 226 231 239 252 259 259 258 260 264
0 0 0 0 0 0 0 0 0 0 0 0 0 0 0 0 0 0 0 0 0 0 0 0 0 0 0 0 0 0 0 0 0 0 0 0 0 0 0 0 0 0 0 0 0 7 21 35 53 69 80 88 92 94 95 91 83 75 70 68 68 69 67 63 59 55 49 41 34 30 26 24 24 27 33 48 63 75 95 120 137 149 158 170 180 192 201 208 214 223 233 241 242 242 243 245
