c++/data/CristoRedentor/cristoredentor.asc
ncols        1194
nrows        624
xllcorner    6090543.555599999614
yllcorner    7416191.255572864786
cellsize     29.926284338359
NODATA_value 9999
[rows 270 to 323 of 624, columns 288 to 383 of 1194]
31 32 31 30 29 27 26 26 27 27 26 25 24 24 24 24 25 26 27 26 24 23 22 21 23 25 26 27 29 32 37 39 42 45 47 49 51 50 48 44 37 31 26 20 18 18 19 19 16 15 15 14 13 14 15 16 15 15 17 19 24 30 30 25 20 18 17 17 16 14 13 13 13 15 17 19 20 22 26 30 30 28 22 16 15 16 15 14 14 16 16 15 14 14 13 12
30 31 31 31 30 28 27 26 27 27 26 25 25 25 24 25 26 27 28 26 25 24 23 22 23 26 29 30 32 34 38 40 43 47 49 52 53 53 50 45 37 31 24 19 18 19 22 20 16 14 14 13 11 13 15 17 17 15 15 18 22 26 25 22 20 19 18 17 16 15 14 14 14 16 18 19 20 22 26 30 32 30 25 20 16 16 15 15 15 17 17 16 15 15 13 12
30 30 30 31 31 30 29 28 28 28 26 24 24 24 25 26 27 28 29 28 26 24 23 23 24 27 32 34 35 36 39 42 44 48 51 53 53 52 49 44 35 28 22 19 19 21 24 21 16 13 13 12 11 13 15 17 17 17 16 17 20 22 22 21 20 19 19 17 16 16 16 15 14 16 18 19 20 23 26 29 31 29 26 21 17 16 16 16 17 18 18 16 15 15 13 12
33 31 30 32 34 34 31 29 28 27 25 23 23 23 25 26 27 29 29 28 26 25 24 23 25 28 34 38 39 39 42 45 46 49 51 52 51 50 48 41 31 24 20 19 19 24 28 24 17 13 11 11 12 14 15 16 17 17 17 19 20 22 23 22 21 20 19 18 16 16 16 16 15 16 19 20 20 22 25 28 32 30 25 20 17 16 16 17 18 19 18 15 14 14 13 12
35 34 33 34 35 34 32 30 27 27 26 25 24 24 24 25 26 27 27 27 26 26 28 30 31 32 37 41 43 43 45 48 49 49 50 50 49 46 42 35 26 20 19 19 20 24 28 25 17 13 11 11 13 13 14 15 17 18 19 22 24 24 25 25 23 20 19 18 17 16 16 16 16 17 20 20 19 20 25 29 31 28 24 20 18 17 16 16 17 18 17 15 13 12 12 12
35 36 35 35 34 33 31 29 27 27 28 29 27 25 24 24 25 26 27 28 28 29 33 38 39 38 41 44 45 46 48 50 50 50 50 51 48 43 36 27 21 18 17 19 19 21 23 21 15 13 12 12 12 13 13 15 17 19 21 24 27 27 27 26 23 21 20 19 18 16 16 16 16 17 19 19 18 21 26 29 30 27 24 21 19 17 16 15 15 16 17 15 14 13 13 12
34 36 36 35 33 32 31 29 28 28 30 31 29 27 25 25 27 29 31 32 31 32 37 42 43 42 43 44 46 47 50 51 51 49 48 48 46 39 29 21 19 17 16 17 18 18 17 16 15 15 14 13 13 13 14 16 17 19 20 24 27 27 26 25 24 22 20 20 19 17 17 16 16 17 19 19 20 23 27 29 30 28 25 22 20 18 16 15 14 16 16 16 15 15 14 14
34 35 35 33 32 32 31 30 29 30 30 31 30 28 27 28 31 34 37 36 36 38 42 44 44 43 42 43 45 48 50 51 50 47 44 43 38 30 22 18 18 16 14 15 17 17 15 15 16 16 16 15 14 14 15 17 17 18 20 23 25 25 24 23 22 20 19 20 20 19 18 17 17 18 19 20 22 24 27 29 30 29 25 22 20 18 18 16 15 15 16 16 15 15 16 15
34 34 32 31 32 32 30 29 29 30 30 30 29 29 29 31 35 39 41 42 42 43 44 44 43 41 41 43 44 46 48 49 47 41 36 34 28 22 18 17 17 15 13 14 15 15 14 15 17 17 17 16 15 15 16 17 18 19 20 22 24 25 25 23 21 19 19 21 21 21 20 19 18 19 20 22 23 25 27 28 29 28 24 21 19 17 17 16 16 16 16 15 15 15 16 15
33 32 31 30 30 30 29 29 28 29 29 28 29 30 32 35 38 40 44 47 46 45 44 43 40 38 39 41 42 43 44 43 40 34 28 25 22 18 16 17 17 15 14 14 13 13 12 15 17 17 17 15 15 16 17 18 20 22 22 23 26 28 26 23 20 20 20 22 22 22 21 19 19 20 22 23 25 26 27 28 28 27 24 21 18 16 15 14 14 15 15 15 14 14 15 15
33 32 31 30 30 29 31 30 29 28 27 27 30 32 35 41 44 45 47 46 45 44 43 39 37 34 35 38 39 40 38 35 33 26 22 20 18 17 17 17 17 16 16 16 16 14 13 15 16 17 16 15 16 17 18 20 23 24 25 26 28 30 28 24 22 21 22 22 22 23 21 19 18 20 22 24 25 27 27 28 27 26 25 22 18 16 13 13 13 14 15 15 15 15 14 14
33 32 32 32 31 31 31 30 29 28 26 28 32 34 38 45 53 58 55 48 44 43 40 35 32 30 30 32 35 35 32 27 24 21 21 20 18 17 17 17 17 18 19 19 18 16 15 15 15 16 15 16 17 19 20 23 25 26 27 27 29 30 29 26 24 23 22 21 21 22 20 19 18 19 21 23 24 26 27 28 27 26 25 22 19 16 14 12 12 14 15 15 15 15 14 14
32 33 33 33 32 31 31 30 28 26 26 29 33 37 41 48 57 63 61 51 43 40 35 30 28 26 25 26 28 30 27 23 21 20 20 20 18 17 17 18 18 19 21 20 18 16 15 14 15 15 16 17 19 20 22 25 27 27 27 27 28 29 29 26 23 22 21 20 19 19 20 20 19 19 20 22 22 23 25 27 27 26 23 21 19 17 15 13 13 14 15 15 15 16 15 15
32 33 34 33 31 30 30 29 27 26 27 31 35 38 42 47 53 58 58 49 42 36 29 26 25 24 23 21 22 23 22 20 19 19 20 21 19 18 19 19 19 19 20 19 17 15 15 15 15 16 17 19 19 20 23 26 27 27 27 30 32 32 29 25 22 20 20 18 17 18 19 20 20 20 20 20 21 21 24 27 28 26 22 20 19 17 14 13 15 16 15 15 16 16 16 16
31 33 34 33 31 30 29 29 28 27 29 33 36 39 43 47 49 50 49 45 39 31 26 24 23 22 22 20 19 19 19 19 19 19 20 21 20 20 20 19 18 18 19 18 17 16 16 16 16 17 19 20 20 21 25 28 28 28 29 33 35 33 29 25 22 20 19 18 17 18 20 20 21 22 21 20 20 21 23 27 29 27 23 21 19 16 14 14 15 16 16 16 17 16 16 17
31 32 33 32 30 28 27 28 28 30 32 35 38 40 44 46 45 45 43 39 33 27 24 23 22 21 21 20 18 19 19 20 20 20 20 20 20 20 20 18 17 17 18 17 18 17 17 17 18 19 20 21 21 22 26 30 31 31 31 32 33 30 27 23 21 20 19 19 19 19 20 19 20 22 21 20 21 21 22 25 28 28 23 21 19 16 15 15 15 15 16 18 18 17 17 18
29 30 30 30 29 27 26 26 29 32 36 40 42 43 45 45 43 41 38 34 30 27 24 22 21 22 21 20 19 20 20 20 20 19 19 20 20 20 20 18 17 18 18 17 18 18 18 18 19 20 21 23 23 22 24 29 32 32 31 30 29 27 24 22 21 21 21 21 20 21 20 19 20 21 21 20 21 22 21 21 23 23 19 17 17 16 15 14 14 15 17 19 18 17 17 19
28 28 28 28 28 27 26 27 30 35 41 45 46 47 46 43 39 37 35 34 32 29 24 21 21 22 22 21 21 20 19 20 19 18 19 20 21 21 20 19 17 18 18 17 18 18 18 18 21 21 21 23 23 21 23 27 31 31 29 27 27 25 23 22 21 22 23 21 20 21 20 19 19 19 19 20 21 22 20 20 19 19 16 15 15 14 14 13 14 14 16 18 18 17 17 18
28 28 28 28 28 27 27 28 32 38 44 49 50 48 44 39 36 35 35 36 35 31 25 21 21 21 21 20 19 18 18 19 18 18 19 19 20 21 21 19 18 17 18 18 18 19 19 19 22 21 20 21 21 20 22 24 26 28 26 25 25 23 23 22 22 22 22 20 19 20 20 19 18 18 19 20 21 22 22 21 19 19 18 16 15 14 14 14 15 15 16 17 16 17 17 18
31 29 28 28 28 28 28 31 35 41 47 51 50 47 41 37 34 33 33 35 36 32 25 22 21 21 21 20 19 17 16 17 17 18 19 19 19 20 20 19 18 18 19 20 20 20 20 20 22 22 21 20 21 21 22 22 25 26 26 25 24 24 23 22 22 22 21 19 18 19 20 20 19 19 19 21 22 23 23 22 20 19 19 19 17 16 17 18 18 18 18 18 16 17 18 19
33 30 29 28 28 28 30 33 39 44 48 50 50 43 38 35 33 31 30 29 31 31 26 23 22 22 21 21 20 18 16 15 16 18 19 19 19 19 20 20 18 19 21 22 22 22 21 21 23 24 23 22 22 23 23 23 25 26 27 26 26 25 24 22 22 22 21 20 19 20 21 21 20 20 20 21 22 23 23 22 21 20 21 20 19 17 18 19 20 21 23 23 22 21 20 21
35 33 31 28 28 29 30 34 40 45 47 47 44 39 36 34 32 29 26 23 26 28 25 24 23 21 21 20 21 19 17 16 17 18 19 20 20 22 22 23 22 22 23 24 24 23 23 22 24 26 25 25 24 24 24 24 26 27 28 29 28 26 24 23 23 23 23 22 20 21 23 23 22 21 21 21 22 22 22 22 21 20 21 22 21 19 19 20 22 23 27 30 28 24 21 22
35 34 31 28 27 27 27 31 36 41 45 44 40 36 34 30 28 26 24 21 22 24 25 24 22 20 20 21 21 20 18 18 17 18 19 21 23 25 25 24 24 24 25 25 25 26 26 24 25 26 27 27 26 25 24 24 25 27 29 31 29 25 23 24 25 26 26 24 22 24 25 25 24 23 22 21 21 21 21 22 22 21 22 24 22 21 20 22 22 24 29 33 31 26 24 25
33 33 30 27 26 26 25 26 29 37 41 40 36 32 29 26 24 24 24 23 21 21 23 23 21 18 19 21 22 21 19 19 19 19 20 21 24 26 28 27 25 25 26 26 26 28 29 27 26 28 29 28 26 23 22 23 25 26 28 29 27 24 23 25 27 28 29 26 24 25 26 25 26 26 25 23 22 22 22 23 22 22 24 24 23 21 21 22 23 26 30 32 29 27 25 27
30 31 29 27 26 25 24 24 25 30 36 35 32 28 26 24 24 25 28 29 24 22 23 22 20 17 18 21 23 23 20 20 20 21 22 23 24 29 32 30 27 27 28 28 28 30 31 29 29 31 30 27 25 24 24 25 25 26 27 27 25 23 24 27 28 30 30 27 25 26 25 26 28 29 28 26 25 25 24 22 22 22 23 24 23 21 21 23 25 28 31 31 29 28 27 28
28 29 28 27 28 28 27 27 27 29 29 29 27 26 26 29 32 33 35 37 32 28 25 23 20 18 18 21 24 23 21 21 21 21 23 24 25 29 33 31 29 29 30 30 30 31 31 31 32 33 31 29 27 27 28 27 26 27 28 28 26 24 26 27 28 29 29 29 29 29 27 26 27 29 29 27 26 26 24 22 23 23 23 24 24 22 22 24 25 28 32 32 32 31 30 31
26 28 29 29 30 31 32 34 35 31 28 28 28 29 31 36 41 41 41 41 36 29 25 23 20 19 19 21 23 22 21 21 21 21 22 24 25 28 30 31 31 31 31 32 31 31 32 34 35 35 35 34 33 32 30 28 27 28 29 28 27 26 27 28 27 27 29 31 32 31 29 26 25 27 28 27 26 24 23 23 25 25 25 25 25 23 23 24 25 28 31 34 35 36 36 36
25 27 30 31 31 33 36 38 38 35 34 33 34 35 37 43 47 46 42 39 34 29 24 23 21 19 19 21 22 21 21 21 21 21 22 24 25 26 29 32 33 31 32 32 32 32 33 35 37 37 40 44 44 38 33 30 29 29 29 29 29 28 28 27 26 27 28 29 29 29 28 25 24 25 27 27 27 26 24 27 29 28 26 26 26 25 25 26 27 30 32 35 39 43 44 42
26 27 30 31 31 34 36 38 36 35 37 38 39 41 44 50 52 48 43 37 31 27 24 23 22 20 20 21 20 20 21 22 23 23 23 23 23 25 33 35 35 32 31 33 33 35 35 36 39 41 47 54 52 44 37 34 32 31 29 29 31 32 31 29 29 30 29 27 25 26 27 25 24 25 27 28 28 28 30 31 32 30 28 26 26 26 27 28 30 31 34 38 45 50 52 52
27 27 30 31 32 33 35 36 36 36 40 42 43 44 50 54 53 48 41 34 27 24 23 23 22 20 20 21 21 20 21 23 24 25 23 22 23 27 34 38 39 35 33 34 36 39 40 43 47 51 58 62 57 48 42 37 33 31 31 31 33 36 35 33 33 33 31 27 25 26 26 26 25 25 25 26 26 29 32 33 32 32 30 27 26 27 29 30 31 33 36 40 48 53 57 60
28 27 29 31 33 35 37 39 39 40 43 45 46 48 53 54 50 44 37 29 24 22 23 23 22 21 21 22 22 22 22 24 27 26 25 24 26 29 34 39 40 37 36 38 41 44 47 53 61 66 70 68 61 51 45 39 35 34 33 34 36 38 38 36 36 35 31 27 26 26 26 26 26 25 24 24 25 30 34 33 32 32 32 30 29 30 31 32 33 34 37 42 49 55 60 63
27 27 30 33 36 38 39 42 43 43 46 48 49 52 53 51 44 39 33 26 22 22 22 23 22 22 23 23 23 23 24 25 28 30 29 28 28 30 34 38 40 40 42 45 48 50 54 62 70 75 77 73 65 55 49 42 38 37 37 38 38 39 39 39 38 36 32 29 29 28 27 27 27 26 25 25 26 30 33 33 31 33 35 35 35 36 36 35 35 35 39 44 49 55 62 67
28 28 31 35 37 39 42 45 46 47 48 51 53 53 52 48 40 35 29 25 22 21 21 22 22 24 25 24 23 23 24 25 29 33 32 30 29 30 33 36 40 44 47 52 55 58 62 69 77 82 82 77 66 58 53 47 42 39 38 40 41 42 42 41 39 36 33 31 31 29 27 28 27 26 26 26 27 29 31 32 31 34 38 39 41 41 40 38 38 38 43 49 52 60 67 73
28 29 30 33 36 40 44 48 49 50 52 54 55 53 49 43 36 31 27 25 23 22 20 20 23 26 27 24 23 24 24 23 27 32 32 29 29 30 31 34 40 47 52 57 61 67 75 80 85 89 90 82 70 58 54 50 46 43 41 41 42 43 42 40 38 35 33 32 30 29 28 28 26 25 26 27 28 29 31 33 34 37 41 43 44 44 43 43 43 43 49 54 59 68 76 81
30 29 30 32 36 42 47 50 51 53 55 55 53 49 44 37 32 29 26 24 23 21 19 19 21 25 26 23 22 24 25 23 24 29 29 29 29 30 30 32 39 47 51 56 64 74 83 90 95 100 99 94 80 59 53 50 48 47 45 45 46 45 42 40 37 35 33 31 29 28 30 29 27 26 28 29 30 32 34 37 40 42 45 46 47 46 46 48 48 49 51 56 63 73 84 90
31 30 30 31 36 43 48 51 54 57 57 55 50 45 40 34 28 25 24 23 22 20 20 20 20 23 24 22 22 24 25 24 26 29 29 29 29 32 33 35 39 45 49 54 63 74 85 97 103 110 109 102 87 62 52 48 48 49 50 52 51 47 43 41 39 36 33 31 30 31 33 34 32 31 31 32 32 34 38 42 47 48 48 48 49 49 49 51 53 56 57 61 67 76 88 98
30 30 31 32 35 42 48 52 57 59 56 51 45 39 35 30 25 22 22 22 21 21 21 20 20 22 23 23 23 24 24 26 29 31 31 30 32 35 39 41 42 44 47 53 62 72 85 100 109 117 116 108 94 68 53 48 49 52 54 54 53 49 45 43 40 37 34 34 35 35 35 35 35 34 34 34 35 38 42 47 52 52 52 53 56 55 58 64 69 74 71 68 70 79 94 106
29 29 30 31 33 40 47 52 55 53 46 41 37 32 30 27 24 23 23 22 21 21 21 20 20 21 22 22 23 24 25 27 33 36 34 33 36 38 42 45 46 45 47 56 65 76 90 104 114 122 124 119 104 81 63 54 55 64 69 68 63 56 52 47 42 38 36 37 41 38 35 34 35 36 36 36 39 44 48 51 54 56 58 65 71 71 86 92 92 91 83 75 82 92 104 115
30 30 29 30 32 36 44 47 47 41 35 33 30 28 27 26 24 25 25 23 22 21 20 20 19 20 21 22 24 25 27 30 34 38 37 36 38 40 44 48 51 52 56 66 75 87 97 109 120 128 132 131 119 105 91 81 79 86 90 86 79 70 60 52 46 41 37 39 42 40 36 36 36 37 37 40 43 49 54 56 58 65 70 79 84 90 101 104 105 106 104 94 99 107 115 123
32 30 29 29 31 33 37 39 37 33 31 31 29 26 27 26 26 27 27 25 23 22 21 20 20 21 23 23 24 26 27 29 33 37 37 38 41 46 51 55 58 62 68 78 90 99 107 120 132 140 144 143 135 128 119 115 113 110 107 100 91 80 67 58 50 44 40 39 41 40 37 38 39 40 41 43 47 53 60 65 70 79 85 91 95 105 108 112 121 129 131 124 119 121 126 130
33 31 30 30 31 30 31 32 31 30 30 30 28 25 26 27 27 28 28 26 25 24 23 21 21 23 23 24 25 26 27 29 31 36 38 39 46 53 61 66 68 72 79 91 105 113 123 135 147 155 158 156 147 139 136 134 131 128 122 113 103 91 77 65 54 47 42 40 39 38 37 40 43 43 45 49 52 58 66 77 88 96 99 102 107 114 121 130 136 143 147 146 140 135 135 135
35 33 32 31 31 29 28 28 28 29 29 28 26 25 25 26 26 27 27 27 26 26 27 25 23 23 23 24 25 26 27 29 32 38 41 43 52 59 68 76 82 89 95 101 110 121 133 144 157 166 169 168 160 154 153 149 144 141 137 128 117 105 90 74 62 54 48 45 44 42 42 42 44 45 50 55 58 62 71 84 97 109 111 116 120 126 134 140 145 150 152 151 150 145 143 140
36 35 34 32 31 29 28 28 29 28 28 28 27 27 27 26 25 26 26 26 26 28 28 27 24 22 22 23 25 27 29 31 34 41 45 50 58 65 74 84 94 99 104 110 117 127 138 148 160 170 176 175 173 173 173 169 162 154 149 141 130 119 107 93 79 67 56 51 50 50 49 48 48 51 57 61 60 62 74 87 102 115 125 133 140 143 146 147 151 151 149 147 145 144 143 140
36 36 34 32 31 29 30 31 30 29 28 28 27 28 27 25 25 25 25 25 26 27 26 24 21 19 20 22 24 27 28 31 36 44 51 57 66 74 85 98 109 117 123 125 126 131 139 147 157 168 176 179 181 183 183 178 173 168 161 152 140 131 123 114 100 82 67 58 56 55 55 55 55 62 73 71 64 65 76 92 104 118 131 141 150 154 151 151 152 148 142 138 137 137 136 134
35 34 33 31 30 30 32 33 32 31 29 28 27 27 26 25 25 25 24 24 25 26 24 21 18 18 19 21 22 24 27 32 40 48 57 65 76 86 97 111 124 130 135 136 133 134 137 143 151 161 169 177 179 181 181 180 176 175 171 162 151 142 135 126 112 96 81 70 65 64 64 65 68 73 86 87 79 78 84 97 109 122 133 142 151 155 154 151 152 147 138 131 129 129 129 125
33 32 31 30 30 31 33 34 33 32 30 29 27 27 27 26 25 25 24 24 25 26 25 21 20 20 21 22 22 23 26 35 41 50 60 72 86 97 107 119 129 136 140 142 139 136 136 140 144 152 161 169 171 173 177 178 178 177 174 166 157 150 143 132 118 103 89 80 79 78 73 73 77 83 93 98 97 96 97 103 116 125 135 143 151 157 157 157 159 152 143 130 128 125 121 119
32 31 31 30 30 31 33 34 33 32 31 30 28 27 27 27 26 25 25 25 25 25 25 23 24 23 23 24 22 22 26 34 40 49 62 76 92 103 112 120 126 133 137 139 139 135 133 135 136 141 152 158 162 168 172 174 173 173 172 164 156 150 144 133 120 106 95 88 90 90 85 86 91 96 103 107 110 111 112 117 127 133 138 144 154 161 165 170 171 164 159 142 139 125 118 117
33 32 31 30 30 31 32 33 32 30 31 30 28 27 27 27 25 25 26 26 25 24 24 25 27 26 25 25 23 22 24 32 40 50 64 77 91 101 109 115 120 127 129 129 131 129 124 124 124 130 138 143 146 155 162 162 162 166 167 159 151 148 144 134 121 111 107 105 106 104 102 104 108 112 118 123 126 127 131 136 138 136 138 149 165 174 179 186 184 177 175 168 164 132 120 118
35 35 33 32 31 31 31 32 30 29 29 30 29 28 28 27 25 25 26 26 25 24 24 25 26 26 25 25 24 23 25 31 39 48 62 74 84 92 98 106 110 114 118 119 118 117 112 110 109 113 119 127 135 143 147 146 148 152 156 155 151 147 142 135 129 126 121 119 118 117 121 122 122 127 136 143 148 146 147 149 153 154 156 167 180 188 192 196 195 190 184 185 176 144 126 122
38 38 37 34 32 31 31 31 29 28 29 29 28 28 29 28 26 26 26 27 26 24 24 24 25 24 24 25 25 25 26 30 36 43 55 68 77 82 87 92 95 99 105 103 103 103 100 98 94 96 102 108 117 123 125 127 133 138 144 150 154 153 149 144 143 137 132 129 131 131 134 136 137 142 151 158 164 163 159 163 172 173 180 188 197 200 197 199 201 198 191 184 171 154 136 132
42 42 40 37 33 31 32 30 29 28 28 27 27 27 28 28 27 27 28 28 26 25 24 24 25 25 25 26 26 26 27 29 32 37 46 55 63 68 71 75 79 83 88 85 86 87 87 85 83 84 88 95 101 105 106 111 120 129 137 145 152 160 161 154 150 148 147 149 150 149 149 152 153 157 164 173 178 179 179 183 187 187 195 201 207 206 198 197 197 197 190 181 168 153 142 138
47 46 43 39 32 31 31 30 29 28 27 26 25 25 26 27 27 28 29 29 28 26 24 24 26 28 27 27 26 27 27 28 29 33 39 45 48 53 57 61 66 69 70 69 70 72 74 73 72 72 77 83 88 90 91 99 113 124 133 141 149 159 163 162 163 163 168 170 167 163 164 166 167 170 177 185 188 191 190 193 196 198 202 205 208 205 197 193 190 187 181 174 166 153 145 140
53 49 45 38 31 30 29 28 29 29 28 26 25 25 26 27 27 28 30 29 28 27 26 26 29 30 30 28 27 27 27 26 26 30 35 40 39 43 45 49 53 55 54 56 57 59 61 61 60 61 65 68 72 76 81 92 108 119 129 137 147 160 167 168 168 169 177 180 177 175 176 177 178 180 186 191 190 189 191 194 197 200 198 199 200 198 192 186 181 174 168 163 157 149 142 135
58 52 45 37 32 30 29 28 27 28 27 26 25 24 25 27 27 28 29 29 29 28 27 28 30 32 31 29 27 26 26 26 26 28 30 32 32 34 36 39 41 41 42 45 47 48 48 47 46 45 49 53 59 66 76 88 104 114 124 134 142 156 164 166 167 174 182 186 187 187 187 186 184 185 186 190 188 189 190 192 197 196 190 188 189 189 184 176 168 160 155 151 144 134 129 123
