c++/data/CristoRedentor/cristoredentor.asc
ncols        1194
nrows        624
xllcorner    6090543.555599999614
yllcorner    7416191.255572864786
cellsize     29.926284338359
NODATA_value 9999
[rows 270 to 323 of 624, columns 1056 to 1151 of 1194]
109 113 122 130 135 133 124 114 108 107 109 111 108 104 94 82 74 68 67 68 69 72 75 80 86 89 90 92 99 102 97 91 91 94 99 102 103 102 99 94 87 79 73 68 66 62 57 51 45 41 38 36 38 39 39 38 36 37 39 39 40 42 45 43 40 39 42 46 52 59 65 68 65 56 48 44 40 38 36 33 35 39 47 54 58 59 56 52 50 46 43 41 39 40 39 39
102 105 114 125 132 132 125 116 106 100 101 99 99 98 87 75 68 67 68 68 68 70 73 78 82 82 81 82 86 90 85 81 79 83 90 90 88 88 85 78 70 62 59 58 56 53 48 42 39 39 37 36 37 38 38 38 38 39 41 43 45 47 47 45 43 43 46 53 62 67 69 70 67 57 47 42 41 38 36 33 34 40 47 51 52 50 48 46 44 42 41 40 40 40 39 38
97 99 107 115 120 122 119 115 108 98 92 92 93 93 82 69 62 65 68 69 67 67 69 70 72 71 70 69 72 75 76 73 71 72 75 76 73 71 66 61 54 50 49 49 48 46 42 40 39 41 41 39 38 39 40 41 44 46 48 49 51 51 47 44 43 45 52 63 69 71 70 69 65 54 44 40 39 37 35 33 34 39 44 46 45 43 43 41 40 38 38 38 38 39 38 37
92 94 99 103 105 105 107 107 102 93 87 85 88 87 77 64 60 63 67 68 66 63 60 58 56 56 55 54 58 62 63 62 62 60 61 63 61 57 52 49 45 43 43 44 44 43 42 42 43 46 47 42 40 41 43 46 50 54 56 55 55 53 50 48 48 52 62 70 72 70 67 65 60 49 41 39 39 37 36 34 34 37 39 41 41 41 40 40 40 38 37 38 37 37 36 36
87 87 89 90 89 89 90 90 85 82 79 79 81 79 69 60 58 61 64 64 62 58 52 48 46 44 44 44 48 51 53 52 52 52 52 53 51 47 45 44 43 42 42 43 44 44 44 46 50 52 49 45 42 42 46 51 56 61 62 60 57 55 54 55 58 63 71 73 72 66 61 58 53 45 42 41 38 37 36 36 36 36 38 39 40 40 40 41 41 40 38 38 37 36 36 35
81 78 77 77 76 75 76 76 74 73 72 74 75 71 61 55 54 57 58 57 55 51 46 43 42 40 40 42 45 47 48 48 48 47 46 46 44 43 44 46 47 47 48 51 52 51 49 52 56 56 52 47 43 43 47 53 60 66 65 63 60 59 64 68 70 72 74 72 70 62 54 50 46 44 43 41 38 37 37 37 37 38 39 39 40 41 41 42 43 42 41 39 38 37 36 35
74 68 65 65 66 66 65 65 66 66 66 68 68 64 55 48 47 50 52 51 48 45 43 41 40 39 41 45 46 47 47 47 46 46 46 47 45 44 49 54 57 58 61 65 65 61 58 57 58 58 58 52 47 45 47 54 63 68 66 63 62 64 72 78 79 78 75 71 66 58 49 45 43 42 41 38 37 37 37 37 38 40 41 40 41 41 42 43 46 47 47 45 41 38 36 36
65 59 56 55 52 52 54 56 57 57 57 58 57 54 49 44 43 44 46 46 44 42 43 41 42 42 46 48 46 46 45 46 48 50 54 57 56 55 60 65 68 72 76 79 76 69 65 62 61 64 67 63 55 48 48 56 66 70 68 65 64 69 77 84 86 82 73 66 60 53 44 40 41 41 38 36 36 37 37 37 39 40 40 40 42 43 44 47 49 50 51 49 46 41 38 36
58 53 49 48 45 46 48 50 50 50 50 49 47 46 44 43 43 44 45 43 42 43 45 46 48 50 53 50 47 46 47 50 55 61 66 71 71 71 73 76 79 85 93 95 90 80 74 67 64 68 73 70 60 51 50 58 68 72 72 70 71 75 82 87 87 78 67 58 53 47 40 37 39 39 35 35 36 37 37 37 39 40 38 40 44 45 48 51 52 54 54 52 49 44 40 36
51 48 48 48 48 48 48 49 47 46 46 45 43 43 46 48 48 50 48 47 45 46 47 51 56 59 58 52 49 49 54 62 68 72 75 76 75 76 79 82 85 94 102 104 99 92 83 75 70 71 74 71 60 51 51 61 70 74 78 78 79 83 87 88 80 69 60 52 47 42 39 38 38 37 35 35 36 37 37 38 40 40 37 39 44 47 50 53 55 57 57 54 51 45 40 37
49 50 54 57 57 55 52 50 46 44 44 44 45 47 54 60 60 58 58 55 54 54 55 57 63 66 63 57 53 55 61 67 72 74 74 72 72 75 81 84 88 96 103 105 102 98 92 83 76 74 73 68 58 51 55 65 74 81 88 93 88 91 89 82 70 62 56 51 46 43 41 40 39 37 36 35 37 37 37 39 40 40 38 41 45 49 53 55 56 58 59 56 51 45 39 37
52 55 61 65 63 60 54 50 46 44 44 45 48 55 65 71 69 64 62 62 62 63 65 67 70 71 70 66 62 63 64 67 70 72 70 68 69 78 86 89 93 97 103 105 104 101 96 90 83 79 74 66 59 54 58 69 78 85 92 97 95 90 84 76 66 59 54 50 48 45 43 41 40 40 39 38 37 37 37 38 40 39 40 42 48 53 55 54 55 57 56 53 48 43 39 37
56 60 65 65 63 60 55 51 48 47 46 46 50 61 74 78 74 68 65 66 68 71 73 74 77 79 79 77 74 71 68 68 68 70 68 67 70 83 95 101 102 102 103 105 104 100 96 92 88 82 75 68 63 59 61 71 79 85 87 92 90 84 77 72 64 58 54 50 48 44 41 41 41 42 42 40 39 38 39 39 41 41 41 44 50 54 54 53 53 53 51 48 44 41 38 37
58 61 65 65 64 63 60 56 54 52 50 48 50 62 77 82 80 74 72 73 75 77 78 79 82 87 90 90 88 81 75 74 73 74 74 73 78 89 102 110 112 109 106 105 102 98 94 90 86 81 75 70 67 62 61 69 75 77 77 80 79 74 70 65 60 58 56 52 48 43 39 38 40 43 43 42 40 40 42 43 44 43 43 45 48 51 50 49 49 49 47 44 41 39 38 37
57 59 66 71 72 71 68 65 61 58 55 51 51 61 74 83 83 80 79 80 82 82 81 82 86 92 97 100 100 94 87 82 82 83 85 86 88 94 104 113 117 115 110 105 101 97 91 86 83 79 74 69 65 63 62 67 70 70 68 67 69 67 63 59 56 59 61 56 49 44 39 36 40 42 42 42 42 42 44 46 45 44 44 45 46 48 47 46 46 45 43 41 39 39 39 38
59 61 66 73 78 79 77 74 69 65 60 55 55 64 76 83 83 82 82 84 86 84 82 83 87 94 100 104 106 102 94 88 88 91 96 97 97 98 104 113 118 117 112 107 104 98 90 84 80 76 73 67 62 61 61 64 65 65 65 65 66 65 61 55 54 58 62 58 51 46 40 39 41 42 42 43 43 43 45 47 46 46 46 45 45 46 46 45 45 44 41 39 39 39 40 39
63 63 64 70 78 83 84 82 77 72 64 58 59 67 76 81 81 79 80 83 85 85 85 86 89 96 103 108 109 105 99 93 94 99 104 104 103 102 105 111 116 115 112 108 105 100 93 85 78 74 70 64 61 60 63 63 63 66 69 71 72 70 63 56 53 54 57 56 52 46 40 38 40 42 44 46 47 47 47 47 47 47 47 46 44 45 46 46 46 45 43 40 40 41 40 40
65 64 64 68 77 86 88 88 84 78 68 61 64 69 75 78 78 76 77 80 84 88 91 93 96 101 109 114 113 109 102 99 100 104 108 110 108 106 107 111 112 110 107 105 102 98 93 86 77 72 68 63 61 65 68 68 68 72 77 81 83 79 69 60 53 51 53 53 48 42 38 38 39 42 45 49 52 51 49 48 48 48 48 48 49 51 50 50 49 48 46 44 43 42 41 40
72 70 69 70 80 90 93 92 89 83 73 66 67 69 72 75 76 76 77 81 88 94 98 102 103 106 113 118 116 111 104 101 103 107 112 114 112 109 110 111 110 104 99 97 94 91 89 84 75 69 66 64 66 72 77 78 78 80 85 91 92 86 76 66 56 50 48 47 43 38 38 39 39 42 46 51 54 54 51 50 50 50 51 52 56 59 58 56 53 50 49 46 44 43 43 42
80 79 76 76 85 94 97 96 93 89 81 74 71 70 71 73 75 76 80 87 94 101 106 107 107 111 116 121 120 115 106 102 104 109 114 117 114 111 112 114 109 99 89 88 86 84 82 78 70 65 65 67 73 80 85 88 89 89 93 97 96 90 79 70 60 48 43 41 38 36 38 39 40 43 47 51 54 55 53 53 54 55 56 58 62 64 63 61 56 53 49 46 44 44 43 43
86 85 80 80 86 94 98 99 98 96 90 81 74 71 70 71 73 77 86 95 101 108 112 112 111 114 119 123 123 116 107 103 106 110 116 118 114 111 110 108 101 92 83 79 78 78 76 72 68 67 68 71 77 84 90 95 97 97 98 98 94 86 75 67 57 47 41 39 37 36 37 40 42 43 45 50 55 58 59 58 59 61 64 65 67 67 66 62 59 54 48 45 44 43 43 43
88 87 82 80 83 91 97 101 101 101 96 86 76 71 69 69 72 80 91 99 106 113 116 115 114 115 118 123 122 115 107 104 106 112 117 117 113 109 103 99 94 86 79 74 74 74 72 70 69 72 75 79 85 92 98 102 102 98 95 92 85 75 64 59 52 44 39 38 37 37 38 41 43 43 44 50 57 61 62 63 63 64 68 70 70 69 66 62 60 54 48 45 43 43 43 45
89 87 84 80 81 87 95 102 104 105 101 91 81 74 71 69 74 83 95 102 108 114 118 119 117 115 117 120 118 112 105 102 105 112 118 116 112 104 97 92 89 85 82 79 76 74 73 71 73 79 88 96 101 104 107 108 102 93 87 81 71 62 55 51 46 41 39 38 38 39 40 41 42 43 46 53 59 63 66 69 71 71 73 73 71 68 65 62 59 53 48 44 43 45 48 51
90 90 88 85 82 86 95 104 108 109 105 96 86 79 74 73 78 87 97 103 107 112 116 118 116 113 112 113 113 108 101 98 100 108 114 115 110 99 92 88 87 87 87 85 80 75 73 75 79 89 102 108 109 108 108 107 97 84 77 70 61 53 48 43 41 39 39 39 40 41 41 41 42 44 49 55 60 65 68 75 80 79 78 74 69 65 63 61 57 52 47 44 45 50 54 55
92 94 94 89 84 87 94 102 108 110 107 99 90 84 79 78 81 87 94 100 102 103 105 108 108 105 104 105 105 101 96 93 94 100 108 112 105 95 90 86 85 86 87 84 78 73 74 80 89 97 105 107 105 104 103 101 90 76 69 61 54 48 43 41 39 38 39 41 42 42 41 42 44 47 53 57 63 70 76 82 87 82 77 72 66 62 60 58 54 49 46 45 48 55 60 61
92 97 98 93 87 88 92 99 108 111 108 101 93 87 84 83 83 86 91 93 94 94 94 95 96 96 95 95 96 95 91 88 91 97 106 108 102 92 87 83 82 83 83 79 75 74 78 86 95 101 103 99 94 94 96 92 81 69 61 53 48 44 43 41 40 39 40 42 44 43 42 43 47 52 57 62 70 77 82 87 87 81 75 69 63 58 55 52 50 47 45 46 51 60 66 67
92 98 99 94 90 91 96 103 111 113 110 102 94 88 86 86 85 86 88 88 87 87 87 87 88 88 87 87 90 90 88 86 89 94 101 102 98 90 85 82 82 83 82 78 77 79 85 93 100 103 100 90 83 84 85 81 71 62 54 47 44 42 41 40 40 39 40 43 45 44 43 44 50 56 62 66 74 80 83 86 83 78 71 65 60 56 52 48 46 45 45 48 55 64 70 70
93 99 98 94 94 99 105 111 115 115 110 103 95 91 88 87 85 84 84 83 82 81 81 82 82 82 81 83 86 87 85 85 88 92 96 96 91 86 84 86 87 87 84 81 80 81 86 92 95 96 91 80 73 72 71 67 60 53 48 45 44 42 40 39 39 39 40 43 44 44 44 46 52 57 63 68 75 80 82 82 80 75 68 61 58 55 50 46 44 43 44 50 58 67 71 73
94 99 99 97 99 103 108 113 116 114 108 103 98 94 90 86 82 81 80 78 78 77 78 79 80 79 80 81 83 82 82 84 88 90 91 90 85 83 86 90 93 93 89 84 79 80 83 85 85 82 77 67 62 62 60 55 51 47 45 45 45 44 41 40 41 41 41 43 44 43 44 47 52 56 63 69 74 77 78 77 74 69 63 59 56 52 46 44 43 44 46 51 61 70 74 75
95 98 100 100 101 103 108 111 113 109 104 101 98 95 91 85 80 78 77 76 77 77 77 78 80 80 80 81 81 79 79 82 85 86 85 85 83 84 88 93 97 97 92 83 77 75 79 77 72 68 63 57 56 56 54 51 49 47 46 46 47 46 44 44 43 41 43 45 45 43 42 46 51 55 62 67 69 70 69 67 64 60 57 55 52 47 44 44 46 48 50 58 69 75 78 76
98 98 99 100 99 100 104 108 107 104 100 98 96 92 88 83 79 78 77 77 78 79 79 81 82 83 83 82 80 79 81 82 82 82 83 85 87 89 92 96 99 99 92 81 72 70 72 68 60 56 54 53 55 57 57 56 55 54 53 52 52 50 48 45 42 41 44 46 47 44 45 49 53 55 60 64 65 63 60 58 55 53 51 49 47 45 46 49 52 53 57 65 74 80 80 77
101 99 98 98 96 96 100 103 102 99 96 93 91 88 83 80 79 79 80 80 82 82 83 86 87 87 86 85 82 82 83 83 83 82 84 88 94 98 100 102 103 101 92 78 67 64 64 60 52 50 51 56 59 63 64 65 67 66 64 61 57 54 50 45 41 41 44 48 51 50 51 54 56 57 60 62 62 59 56 53 50 49 47 46 45 45 49 55 59 61 63 68 75 81 82 78
104 99 95 93 92 94 96 98 95 92 90 87 87 84 80 79 79 79 81 85 86 87 89 92 92 90 88 88 86 86 86 85 84 83 85 91 99 104 107 107 105 100 91 76 63 61 59 56 51 51 54 61 68 74 76 78 81 79 75 68 60 54 49 44 41 42 45 51 57 57 58 59 58 57 58 60 60 57 53 51 49 48 47 47 47 47 52 59 65 69 71 72 77 82 84 82
103 96 92 89 88 88 92 92 89 85 84 83 84 83 81 80 79 77 80 88 92 93 97 98 97 94 91 91 89 88 88 87 85 85 86 91 99 106 109 106 103 97 88 70 62 60 57 54 54 58 62 69 80 90 92 92 95 93 85 73 61 52 46 43 42 44 48 55 61 62 62 62 59 56 56 58 57 55 53 50 50 49 49 49 49 51 56 63 68 74 77 80 82 86 89 90
97 90 86 86 86 86 88 88 85 83 82 82 84 86 85 85 82 81 84 92 98 101 103 102 101 98 94 92 89 88 89 90 88 86 87 90 97 103 104 100 96 91 79 66 61 59 57 56 62 68 72 80 93 104 108 110 109 102 88 74 59 49 43 41 42 44 49 56 60 62 63 63 60 56 54 57 58 57 55 52 50 49 50 51 52 56 63 69 73 79 84 88 91 94 97 100
89 84 83 84 86 88 88 88 85 83 83 84 88 92 93 93 92 89 90 95 102 108 111 109 106 100 95 90 86 87 91 94 94 90 88 90 94 96 96 93 88 82 70 64 61 62 62 64 70 76 81 89 100 110 117 118 114 103 86 70 54 43 40 40 42 46 50 54 57 60 63 63 61 56 55 58 60 60 58 54 50 49 50 52 55 60 69 76 80 86 92 97 101 104 106 107
84 81 81 84 87 89 90 89 88 87 88 90 94 99 102 102 102 102 99 103 109 115 120 117 111 103 95 88 85 86 91 97 99 97 94 93 91 90 89 87 83 78 71 69 69 71 73 76 79 83 89 98 107 115 120 119 115 99 79 63 50 41 39 41 45 50 53 56 60 64 66 65 61 57 58 61 62 62 60 55 51 51 53 55 58 63 72 81 88 96 103 108 112 113 113 111
83 80 80 82 87 90 90 90 91 93 95 97 102 107 109 108 109 110 112 113 117 121 123 120 113 104 95 88 86 88 94 100 105 105 103 98 91 88 89 88 86 82 81 80 79 79 83 86 88 93 100 109 117 123 122 117 108 91 71 58 47 41 41 44 49 55 61 66 71 73 72 68 62 59 61 62 63 62 58 54 53 57 60 61 63 67 76 88 99 109 115 118 119 118 116 114
84 82 80 82 86 90 93 95 98 101 103 108 112 116 115 114 114 115 118 122 125 125 122 117 110 102 95 90 89 92 98 104 109 111 111 106 97 94 97 102 102 102 100 93 87 88 90 93 96 101 109 118 124 125 123 111 97 80 63 52 44 42 44 49 54 62 70 78 82 83 80 73 66 62 62 63 63 59 55 54 58 65 68 68 69 74 85 97 107 117 123 124 124 120 117 118
89 86 84 84 87 93 98 101 104 107 110 114 119 120 119 117 117 119 124 128 129 126 120 111 104 97 93 91 92 96 103 109 114 116 116 113 106 105 109 113 116 117 114 105 97 94 92 94 98 102 108 114 119 119 113 99 81 67 55 47 44 47 51 56 63 70 80 87 90 89 85 76 69 64 62 62 61 56 55 57 64 71 74 75 79 86 95 103 111 120 125 127 129 128 125 129
92 90 89 89 91 97 102 105 108 112 113 115 118 118 115 115 116 119 124 127 127 122 114 106 99 94 92 91 92 99 109 117 122 123 122 119 115 113 115 118 119 118 116 107 98 92 88 89 92 96 100 105 109 106 98 84 69 57 49 45 46 53 59 64 71 79 88 94 95 92 86 77 70 65 61 59 57 57 61 67 72 76 79 82 89 97 106 114 120 125 129 133 138 140 139 140
95 95 95 94 95 98 102 106 110 112 111 110 112 110 107 107 110 114 119 121 119 115 109 102 97 93 91 90 91 100 113 122 126 127 127 124 120 119 119 119 117 115 109 100 92 86 80 79 82 87 89 92 96 90 84 74 61 52 48 47 50 57 64 70 76 84 92 95 95 93 85 76 69 64 59 57 57 62 69 76 78 81 87 93 100 108 119 128 133 135 139 144 147 147 145 144
100 99 99 97 96 97 99 103 107 108 105 104 103 101 98 100 104 109 114 115 114 110 105 102 100 97 92 92 94 102 113 121 125 126 126 124 121 120 120 119 114 109 102 93 86 81 74 71 73 78 81 81 81 80 74 62 53 49 49 52 56 62 67 72 77 84 90 93 93 90 83 75 67 62 57 56 62 69 78 83 86 90 98 107 115 124 133 140 145 148 152 154 153 151 148 143
102 100 99 96 95 96 96 98 101 102 100 99 99 98 96 98 102 108 112 114 115 111 108 103 101 96 93 94 97 103 111 118 120 121 121 120 121 121 119 114 108 104 97 89 84 81 75 71 74 76 75 73 71 67 60 54 48 47 50 56 62 67 70 71 76 83 89 90 89 84 78 71 62 59 57 59 67 76 85 91 95 100 108 119 129 137 144 149 154 160 161 160 158 154 149 143
102 99 97 96 94 94 93 94 94 95 94 97 101 102 101 101 105 111 115 118 118 116 110 104 98 96 94 94 96 101 108 113 116 117 117 118 120 119 113 107 103 99 93 87 86 85 82 79 80 79 75 69 62 56 52 48 46 47 53 60 65 69 70 71 75 80 83 83 81 76 70 63 57 57 60 65 74 83 89 96 103 111 121 133 142 148 153 157 161 166 168 165 160 153 147 140
103 98 96 95 93 92 90 89 89 90 94 99 105 108 109 109 112 118 120 121 120 115 108 102 98 97 95 95 97 102 106 111 114 116 117 119 121 118 111 105 101 99 94 90 91 92 91 88 86 83 75 67 57 51 48 45 45 49 56 63 66 68 68 69 72 76 77 78 75 67 62 58 57 60 68 76 83 87 92 103 116 128 136 146 152 155 158 162 163 165 165 162 157 149 143 134
103 98 97 97 95 92 88 87 88 90 93 100 107 114 119 119 121 124 124 120 116 110 104 101 100 99 98 99 102 106 110 114 118 119 121 123 123 121 116 110 107 105 101 97 97 97 95 92 89 83 74 64 55 48 46 45 47 52 58 64 66 67 66 66 69 72 72 71 67 61 59 62 66 70 78 86 90 95 103 116 133 143 148 154 158 160 161 162 160 156 154 152 148 143 136 123
102 101 102 102 100 95 91 89 89 90 93 100 111 121 128 128 128 127 124 117 110 106 101 101 102 101 99 101 106 111 117 122 124 125 128 129 129 127 123 119 114 111 106 100 97 96 93 89 84 76 67 60 53 47 47 48 51 55 60 64 65 65 64 63 64 66 66 64 61 58 61 70 78 84 90 93 99 107 117 129 140 148 153 158 160 160 161 158 151 144 143 143 139 133 126 112
104 105 106 107 106 101 95 92 91 93 97 104 116 125 130 132 132 130 124 118 113 109 105 104 104 102 100 102 107 115 122 127 130 133 137 140 139 136 132 129 119 112 102 94 88 86 83 78 71 66 58 53 49 47 49 54 58 60 62 64 64 63 63 62 63 63 63 61 59 60 65 74 86 94 97 100 108 115 124 133 141 147 154 157 156 156 155 148 138 135 134 133 129 124 116 104
108 109 109 109 108 103 96 93 93 95 101 110 119 124 127 131 132 131 127 126 125 118 110 107 106 104 103 105 109 116 124 131 136 140 145 149 150 143 138 131 118 104 91 83 75 71 68 65 61 58 53 49 47 49 52 58 63 63 64 65 65 65 64 63 64 63 61 59 60 63 68 76 88 96 100 104 109 113 120 129 137 144 150 152 149 147 143 136 128 123 120 118 118 115 107 99
115 115 112 109 105 100 94 94 96 100 107 114 119 120 121 125 127 128 130 132 129 122 113 107 105 105 106 108 111 117 126 135 141 144 147 152 153 144 137 124 109 93 81 72 64 59 59 58 55 52 48 46 47 49 53 61 65 64 64 64 67 68 67 66 65 64 62 62 64 66 69 76 88 96 100 104 106 108 113 119 127 136 143 145 143 138 132 125 119 114 111 110 111 108 101 95
120 117 113 107 101 96 93 96 100 104 109 114 116 116 115 117 121 125 129 130 128 123 113 106 104 105 108 110 114 122 131 138 145 148 152 153 150 141 129 113 98 84 72 66 60 59 58 55 52 48 45 45 48 51 55 63 65 64 63 64 68 70 69 67 66 65 66 69 72 72 73 78 86 94 98 100 99 100 107 111 118 129 138 140 138 132 125 120 115 111 109 108 105 100 95 91
119 114 109 103 98 96 96 97 101 103 107 111 113 112 109 109 114 121 128 130 127 122 113 106 105 108 111 115 121 131 138 144 150 154 154 151 143 132 117 102 89 75 66 63 61 60 57 53 50 47 46 48 50 53 57 62 64 63 63 65 69 72 70 68 68 68 71 77 82 83 83 85 86 89 93 94 94 94 100 105 112 123 133 137 136 130 124 120 115 112 108 104 98 92 90 91
112 108 106 101 98 98 96 96 97 98 100 105 107 107 105 106 109 118 125 128 126 121 113 108 108 113 119 125 133 142 147 150 155 155 154 146 130 117 105 95 84 72 65 63 62 58 53 49 47 45 46 49 53 56 59 61 62 63 65 67 70 71 71 70 69 71 76 83 87 89 89 88 87 87 89 89 92 95 99 103 109 120 130 136 136 132 127 123 119 111 103 98 93 89 90 96
